10000 20 15
1365 5
2265 5
8679 1
7973 5
3166 1
5959 5
4703 3
3931 1
5699 5
9908 4
4489 0
356 4
7245 0
16 1
3432 1
7370 4
514 3
3709 3
6035 5
1763 0
1973 3
9517 3
6715 3
7262 4
2636 2
7853 2
7495 2
1704 1
7982 4
3559 0
255 4
4437 3
5588 4
2231 4
1158 4
5560 4
776 1
2068 1
7761 2
9693 5
8343 0
1326 3
4720 2
5683 2
9035 2
3518 1
4688 3
587 0
4781 1
9180 3
8079 3
3276 2
8958 3
7074 0
5035 5
6513 5
3033 3
9418 2
2603 4
3300 0
7067 0
8964 0
801 5
3137 3
2481 3
1091 5
8822 5
7664 1
4860 0
580 2
4776 1
2003 1
64 1
5949 4
848 2
5167 0
9761 0
8144 1
8846 4
9377 4
1799 3
9670 5
9821 2
9780 0
9231 1
9716 0
3297 5
4870 5
2131 1
2592 5
6325 5
4360 4
9909 4
9527 2
4023 4
6643 3
3097 5
5282 1
262 0
4407 3
8259 1
8173 2
8571 4
4077 1
9871 5
2713 0
422 1
6298 1
8368 0
3883 5
1062 5
677 1
979 2
3516 5
2765 1
8392 2
8027 2
5839 3
88 4
3520 5
3078 3
6102 3
5750 3
8223 2
7912 4
9946 0
2188 3
2494 3
1025 2
6078 5
5784 4
23 3
3209 5
59 0
6038 1
6418 4
3832 1
2800 3
3400 5
2907 4
442 4
6176 1
6977 3
1397 3
3029 3
5439 5
8419 3
6443 0
6994 2
508 2
9265 4
4172 3
5135 5
2792 0
7569 3
7987 0
8449 2
1110 4
1645 4
7667 1
2591 2
3751 4
2606 0
959 4
7444 3
2650 0
6590 5
5815 0
2168 1
1794 3
8031 4
2792 2
9345 4
7300 1
7317 2
6984 2
6377 4
7037 5
8902 2
5389 2
8542 0
9091 4
376 4
7520 4
714 0
700 1
5948 1
454 4
1848 0
2391 0
2731 1
2344 2
7423 4
9841 5
7284 5
3685 2
7567 0
8604 5
3405 4
6663 3
8752 3
475 2
3922 2
8841 0
3212 0
6239 4
5534 4
84 1
2518 3
5927 2
6103 2
8481 1
5263 4
5071 2
5101 4
4799 3
4897 0
3793 0
744 1
3067 4
2858 4
8380 5
2602 3
7577 2
766 2
7512 1
1080 3
9392 2
1173 3
4918 1
8680 4
1802 3
4600 1
1781 2
4281 3
164 3
1465 5
8995 2
7779 1
3994 5
2508 1
1414 1
4773 1
5979 4
8745 5
3824 0
7419 0
2869 1
7017 3
2925 4
1438 1
2329 1
803 2
4112 4
3490 2
9281 1
1437 1
8577 2
5477 1
3578 4
2704 2
2448 3
9687 1
849 0
2806 2
427 3
5106 4
7963 3
7462 0
937 4
8262 0
9945 0
7968 4
3292 2
5125 1
1168 2
6724 2
7266 5
2657 2
161 2
5119 0
7996 0
1314 1
7654 1
134 5
4738 3
7985 5
8564 0
8642 4
1965 3
2389 0
1516 4
647 4
7617 1
7355 1
60 0
1642 0
5123 0
2379 3
5063 1
1987 5
6220 2
6107 4
8991 5
1516 2
6790 5
3733 1
2178 1
4249 0
1457 2
7701 1
1166 1
3371 1
1430 4
5176 0
4871 0
9417 5
9974 2
1886 0
7675 1
8082 2
6254 0
7014 4
4042 1
9864 1
1372 0
2492 0
2404 2
4970 0
875 0
8014 3
9087 5
1443 0
298 1
5906 0
732 4
7573 4
2995 1
2042 2
6692 1
671 4
5170 3
6116 1
3933 0
5179 2
7080 3
2417 2
3776 5
1890 0
6547 5
2640 1
2403 0
6983 0
235 2
741 5
1131 1
9948 4
6017 1
758 4
5999 0
1239 2
7925 1
5678 4
9742 3
9846 0
1750 1
464 5
7106 5
9632 3
673 5
6637 4
4701 5
803 0
9365 5
740 2
1143 0
3143 5
8373 5
7517 4
9691 0
9118 0
3462 1
452 4
957 4
8156 0
297 5
832 1
6671 5
4393 1
8768 2
308 2
5484 1
5140 5
4697 5
5061 2
8230 5
3629 0
1328 0
8132 5
2007 0
9092 5
4841 0
852 4
6802 2
3097 3
1633 4
7457 0
8914 1
6597 2
447 0
3050 0
6216 2
6929 3
922 4
6400 2
8792 3
4420 2
8147 4
428 3
9897 4
6264 2
9135 4
8923 5
3552 0
7233 1
5444 4
3320 1
9389 5
5994 0
7505 2
6154 5
4041 5
3065 4
5094 4
302 0
588 5
67 5
3373 5
8183 3
9223 2
1311 0
8090 5
4351 0
8645 2
407 5
7655 0
8006 1
9996 1
1673 3
5652 4
8703 0
5955 5
9403 1
8322 4
5647 3
1924 5
7837 1
5601 3
537 1
1796 3
6842 5
1163 2
642 3
6487 0
8287 5
6740 0
4521 1
7277 5
1018 0
2457 4
5062 0
2690 0
2824 3
4875 4
3458 3
7843 5
1186 4
8690 2
5257 5
2927 0
7518 5
2075 2
3193 1
6471 4
9844 4
1196 5
5687 1
8407 2
8186 1
1180 0
7579 4
7107 5
2851 3
7064 0
3046 5
933 2
5188 4
4517 5
8474 0
1499 3
2396 3
4165 4
1994 1
5421 4
4696 2
6196 4
7970 4
1133 2
4820 1
3610 5
894 1
6170 5
5435 3
9950 0
9269 2
3206 5
7257 0
1104 0
2058 2
4507 1
5660 5
1269 5
8637 4
3405 4
6494 5
6236 3
8095 4
3717 4
4793 5
3293 2
4978 5
6301 4
2909 1
9196 4
9193 2
7801 0
3124 0
5877 1
790 3
1622 5
6497 0
8583 0
9748 0
8473 4
1936 4
6368 1
206 0
7034 1
7135 2
8289 3
332 1
4824 2
8567 3
9115 4
128 4
2787 0
688 3
5666 0
377 4
9776 4
2137 2
4127 5
7555 2
2978 2
3021 0
9648 0
8989 3
5552 5
82 2
7825 1
1385 2
3964 3
507 1
5431 3
7027 3
9472 1
1246 0
6900 5
7323 3
521 4
1697 0
4924 1
2442 3
5844 4
6536 2
9788 1
4919 4
3420 0
9422 4
7714 4
2385 2
1238 0
6863 4
8405 3
9771 3
2408 4
7630 0
180 2
5645 2
5015 1
1142 3
7251 4
451 3
6324 0
5796 2
5414 4
6388 2
2605 4
6770 4
4977 3
1695 2
1346 5
8337 0
3856 2
365 4
9869 3
7003 4
9646 0
8194 1
1858 3
5319 3
9631 2
2181 4
8720 0
3100 3
2912 0
8032 3
2437 1
6271 5
9267 3
9808 3
1903 2
7389 1
1263 4
8127 2
5755 3
5094 2
7593 5
5688 0
204 1
6654 5
8554 4
3294 1
1938 0
1813 5
5791 1
7077 1
5328 5
9869 4
762 3
3859 1
4679 5
9058 1
7121 0
7339 3
8228 1
4263 1
6707 5
1496 5
7493 0
7765 3
7315 1
576 3
945 3
7456 0
6770 3
3391 4
8337 0
3732 1
3438 3
7899 0
6795 0
7063 2
6961 1
4162 4
9833 4
2040 5
3064 5
3902 3
8041 1
3189 1
1452 1
6643 3
4011 0
3233 4
2107 0
7130 4
9926 5
5872 0
7891 3
3101 0
9489 2
4265 1
9735 5
3300 0
9301 0
6001 5
7720 4
106 3
7108 1
9230 4
3667 1
3105 0
5166 1
9960 0
4776 3
1706 1
570 0
8175 4
4949 0
5143 5
1184 2
9908 0
7201 1
659 4
9419 2
4511 1
9665 5
3463 5
2058 2
9537 0
3137 5
1159 3
288 3
368 0
3852 0
388 1
8990 4
3816 3
7998 5
6483 1
9148 3
628 4
7955 0
5028 3
6938 5
6816 4
9865 2
6107 0
3555 4
8757 4
872 4
6404 5
1116 2
924 3
9891 2
4753 1
5392 1
9273 1
2786 3
6805 4
7146 1
7736 3
6840 5
2354 4
7339 5
74 5
2702 5
911 4
6328 4
3465 0
8375 1
7545 0
9325 1
7124 0
3358 2
149 5
6756 3
8412 0
3856 3
2959 2
638 4
8725 0
1145 0
1001 5
9836 2
6463 1
5413 4
2234 1
5547 2
977 3
7352 5
9841 4
1488 0
232 2
5953 4
4502 2
3164 1
6122 4
2615 0
7473 0
1884 3
9806 2
2191 2
1135 2
5666 4
4116 5
4945 5
765 2
2923 4
3897 1
3778 2
4150 5
7061 1
5935 2
8316 1
541 5
6518 1
8202 3
2758 0
1345 4
1248 2
3218 0
5198 2
3273 2
6720 3
5533 5
1956 4
1733 3
6371 2
9703 2
5413 4
7886 5
779 4
9918 1
5557 1
5248 3
4931 4
874 2
460 3
5476 2
9794 4
3222 2
1274 1
4824 4
5166 4
9145 3
5589 2
5427 3
7500 3
7228 5
7280 3
5218 1
3891 5
4121 1
5241 4
7039 3
1168 1
1350 1
4532 3
8944 4
3433 4
2374 4
8001 1
3502 4
6450 5
9668 5
6474 0
220 2
3171 5
5883 4
5709 1
9319 1
1599 2
2181 5
2935 1
6254 1
5996 4
5427 5
3505 1
1773 4
8643 3
7273 2
8381 0
8182 1
6724 5
7451 1
3648 5
2942 3
5419 2
7662 4
5431 1
307 4
3530 0
4451 5
6595 3
3589 5
2073 4
1786 1
2544 2
8661 2
9215 3
1161 1
624 1
279 1
2438 5
9544 3
7550 0
9878 5
3720 4
3242 0
8637 1
5255 0
9635 0
5461 2
6624 2
465 5
242 4
7290 0
4377 0
2507 5
9368 1
1135 1
1468 2
6727 0
2137 5
6794 3
6785 2
2940 0
7057 2
296 1
528 4
9848 4
832 2
1948 0
3152 1
9028 5
1035 5
7048 1
5263 1
5093 3
3296 1
2178 5
1957 5
1920 3
6360 5
9745 0
7131 5
1231 1
7961 3
5389 0
2850 2
6862 3
2275 2
8933 3
3521 4
9711 3
7396 3
4923 2
4715 2
8301 0
3895 1
5553 4
8247 5
5161 2
4654 3
8522 2
9789 2
7949 2
8894 4
8136 0
352 3
8638 1
4871 3
1375 2
3873 4
5493 3
2145 3
2890 2
8090 5
1784 0
667 3
24 0
8619 5
6230 5
3229 1
785 2
4110 5
8966 4
9823 0
2395 3
7395 3
5749 3
586 4
8686 5
7821 0
6900 0
6983 3
7856 4
2516 1
8527 4
6854 5
7376 2
9601 1
8480 2
7777 2
1168 4
9842 5
1562 1
8636 3
4695 3
994 3
3676 5
5265 0
9167 4
1076 0
5199 0
3682 0
6635 2
1280 4
6029 1
205 1
8718 0
7179 4
8825 4
6939 0
4545 5
1529 4
9963 0
2012 5
9159 2
3426 2
8911 5
1812 4
9703 2
8252 3
5883 4
2027 0
9691 1
6192 0
306 1
8054 5
8814 0
2360 5
1695 5
5571 4
2086 4
92 2
3480 5
830 5
1063 1
5486 5
7930 2
9482 2
3236 1
3758 5
2368 0
5752 4
7693 3
4362 1
5794 0
8418 5
8656 4
9745 3
4471 1
4541 3
4805 0
1842 1
6758 4
8759 2
3420 5
7048 4
2998 0
7393 5
8978 3
5824 2
1971 1
4916 3
541 5
2626 4
4764 3
1806 1
6157 0
224 5
5477 5
9598 2
9184 5
8302 3
7425 2
7603 1
7170 4
2202 4
648 2
9208 1
1642 1
3913 3
5085 0
5641 2
6837 0
4953 2
570 0
6128 3
8287 5
7656 2
6272 1
4520 4
9266 2
4675 3
8399 5
634 2
2940 5
4964 0
7301 4
320 2
7636 5
6671 1
8813 1
9700 2
1457 3
4249 3
3039 0
7265 4
1802 1
1729 4
278 2
763 0
778 0
7361 0
9107 2
5762 1
6419 4
8114 2
339 1
804 1
7880 3
9486 0
8194 4
9777 0
5268 4
4353 5
6243 2
8285 4
2532 2
5273 0
734 2
1815 3
8089 5
6403 3
910 4
1371 5
6694 1
7372 2
3219 2
5972 0
4726 2
9355 1
9386 4
1718 5
7912 3
8273 5
738 3
7440 5
269 4
5468 4
1122 3
5469 4
1700 0
2346 2
8576 2
9789 2
3200 2
4021 1
6345 0
2683 3
9639 2
4027 0
7874 2
2420 5
7881 4
1358 2
1775 5
5842 5
983 5
854 4
3728 5
6485 4
6793 5
7984 0
3870 0
2564 1
8666 5
6285 0
8849 1
9388 5
9557 5
1386 4
345 1
7913 4
5732 4
3107 2
3358 2
6145 4
5528 3
6421 4
7942 0
1346 4
9890 1
373 2
8886 0
9431 4
4095 0
4024 4
8963 0
1383 3
6678 4
2978 5
6139 2
1155 3
8097 2
9170 4
4682 0
8417 1
2451 3
7393 2
1852 1
2190 5
6738 1
7524 5
5065 0
1158 1
2344 4
6646 2
8828 5
9495 5
8302 1
743 4
3773 4
1808 4
7974 3
9274 3
9937 4
8288 4
5205 0
5832 1
6547 3
1904 5
9459 0
521 0
4884 3
926 2
8926 0
9277 0
3904 4
4141 3
9875 1
3231 0
2504 5
3606 1
9204 5
4466 0
5954 2
9984 4
7408 0
5280 1
2805 2
5861 2
6104 4
919 2
8664 2
6595 5
2303 2
6276 0
4884 1
4151 5
4367 4
9442 1
5017 3
2689 2
6040 1
9301 3
7921 0
2669 3
6207 4
7521 0
2275 1
4954 5
8312 3
9699 3
1152 3
4690 2
8249 0
7100 4
6748 4
2077 0
3653 5
7442 4
8990 4
7369 5
2353 4
9710 3
2719 5
7606 0
4571 2
3759 1
2845 5
1018 1
5970 3
2099 3
1814 4
2078 3
9573 1
1582 4
7294 2
5742 1
3914 2
6024 3
8317 5
5965 2
5263 0
7697 5
2201 1
1223 0
969 3
9315 5
848 1
8605 1
137 5
8019 5
2981 0
287 1
4854 1
6090 0
1422 0
6896 3
2936 2
9668 5
2189 0
8735 4
1216 5
9404 4
7399 2
5080 5
7394 3
8747 5
7651 5
7067 1
7724 3
2639 4
1918 5
5786 2
6120 0
1172 4
1150 5
431 3
8923 2
5258 0
5486 4
9373 2
6536 4
6489 2
1651 0
8198 4
4791 2
3912 4
5987 5
3045 2
3073 2
3949 4
5118 5
4542 4
5648 2
3820 0
9266 4
3270 5
6693 5
8656 0
4863 0
6580 3
6837 0
2148 0
4760 3
7340 3
4827 5
4627 2
517 3
9320 0
4074 4
8695 1
8947 0
2162 0
9023 0
3099 3
1744 1
9914 2
2019 3
9221 4
1508 1
1757 5
6855 5
3798 4
4405 2
1955 4
970 0
2260 1
9671 1
43 0
6254 0
6767 0
5647 5
7466 3
511 3
5082 0
2547 4
8585 5
4136 4
6144 4
9718 0
9296 2
5847 2
2710 1
2652 5
2825 1
8976 3
7700 5
576 4
6166 5
384 1
4058 4
7177 4
4623 1
7110 4
3326 4
5069 2
7482 1
7840 0
9041 5
8615 5
1048 5
7459 4
4636 2
435 5
816 1
3753 2
2883 1
4107 0
3853 4
1295 4
7077 2
4905 5
8362 4
8844 1
3934 2
8930 5
7575 3
8678 2
2825 3
3749 4
7282 5
678 3
4357 1
1734 4
1900 2
6355 0
9672 2
7674 2
6633 5
170 0
7618 4
3049 5
5490 1
2689 3
6113 3
4313 3
8840 4
303 5
1945 4
5047 0
7084 3
1186 5
2640 3
4957 3
7044 2
4229 2
1324 0
4847 4
6905 3
4176 3
4354 3
2508 5
2705 0
8357 5
9897 1
1441 0
4560 3
2154 2
9561 3
9410 2
694 5
5755 1
8977 0
6676 3
4370 2
3647 0
2526 5
811 1
93 3
742 5
5214 1
4521 3
2454 4
5258 4
9466 0
1886 1
8021 1
9914 1
3731 4
322 2
8477 2
8815 0
3714 3
248 0
674 0
742 3
3480 1
4282 3
8044 0
7180 5
9423 4
1109 2
8859 2
8929 3
6161 5
2238 5
2082 2
9023 0
6131 4
6351 2
1646 5
1407 3
8509 0
4821 0
2067 3
9019 5
4393 0
2029 0
3624 1
4188 2
987 3
3770 0
6263 0
4767 1
4525 5
6360 0
1151 2
1277 0
8697 5
6413 3
3481 5
5775 2
5514 1
2771 4
3699 1
9315 1
3555 5
8775 1
1117 3
1207 2
2541 0
2298 2
3074 4
2716 2
185 2
2543 2
7194 3
976 2
7761 2
6723 1
5595 5
4487 4
2674 4
6552 0
3412 2
2068 5
4355 4
2513 5
6941 0
9582 0
7272 4
3318 2
239 4
2185 2
6196 1
5043 5
9399 2
5736 4
6977 4
7159 2
2085 2
428 4
2743 5
2713 5
8360 3
1026 3
9821 0
2611 1
9811 1
494 2
6358 2
9683 1
4016 0
3512 2
9900 2
7138 2
9895 1
254 5
6330 0
3587 3
9370 5
3500 1
3908 4
7555 3
3741 1
6658 4
2677 3
2120 1
9137 5
9091 2
7779 1
5862 2
2950 4
8292 1
9424 2
264 1
8754 4
7841 1
303 5
4497 2
4654 1
574 3
4446 5
189 5
3020 2
6859 5
3484 1
7334 2
5312 2
5751 5
6249 1
3499 4
3529 1
9709 3
9153 3
9103 3
7940 0
2019 1
5662 3
7993 3
44 2
189 2
7576 1
5618 2
4554 2
3949 4
5709 4
496 1
3489 1
5492 3
2028 0
3395 2
1665 4
6083 0
3048 4
3148 4
2781 4
1592 3
9692 5
6665 5
8169 1
8876 0
108 4
1737 5
9195 4
3779 4
1992 4
144 5
81 4
5227 3
2972 3
7469 4
5892 2
9330 0
5584 1
9415 5
3554 0
2124 0
966 4
7128 1
8505 2
8010 4
5472 4
6039 2
8402 0
7092 1
9408 1
1157 2
4295 1
1357 0
7921 0
933 5
8120 2
8544 3
461 0
9787 0
8427 2
7334 2
2553 1
9548 0
4955 5
7289 3
9508 0
6027 5
5951 0
6678 2
6659 3
6341 1
6733 3
4254 2
7598 0
619 5
7462 1
5505 2
8201 4
8995 0
3669 4
5810 1
443 4
662 0
1751 0
7548 3
7287 0
7209 2
7107 0
4047 3
1465 1
6608 2
4471 4
7037 4
8640 0
5166 4
2860 2
3450 4
7518 0
921 2
6144 2
638 5
5112 0
5909 4
4512 0
1781 1
482 5
6727 1
9301 0
2866 3
1298 3
503 1
9258 5
7233 0
495 1
4154 3
7761 0
3305 4
7641 2
710 2
6149 5
1008 0
5780 0
9832 5
621 3
9441 3
9630 3
8942 0
1214 5
1034 4
7327 5
2075 0
9114 5
1068 3
2083 0
6737 0
8353 5
7650 5
4576 4
245 5
7807 3
5939 4
2526 0
9718 3
4023 2
9862 4
4521 5
4872 4
3008 2
4378 1
7922 4
7324 2
2794 2
4676 2
5021 3
1931 3
488 0
8363 2
9109 1
6345 5
6786 5
3866 0
5768 1
446 1
6339 4
1557 2
3618 5
3570 1
2478 5
3968 3
4815 5
4272 0
8583 1
67 2
4868 5
3152 5
8413 1
6378 4
3168 4
2445 0
8329 2
667 5
1147 5
4828 3
3502 3
5737 1
7370 2
2575 2
258 5
7129 1
8286 5
8576 1
1935 5
4547 1
4759 3
199 1
6130 5
2866 4
6882 0
6809 4
5215 3
5789 2
1670 1
4624 5
4492 2
5110 3
336 3
9103 3
7096 0
6622 1
9547 1
4313 2
2681 1
5300 5
4483 3
3245 1
106 0
4435 3
7899 0
8115 3
8426 5
9897 1
2131 3
7526 0
2123 3
4799 4
2432 5
9329 4
8742 5
941 0
5220 5
4646 0
3370 5
4047 3
7949 5
7705 4
520 2
6836 5
3073 2
3866 2
3226 4
380 2
7634 3
8361 2
6603 2
258 3
197 0
8849 0
1376 2
4559 1
8370 3
2145 4
5483 2
3663 1
1846 4
9590 2
5231 5
7703 3
69 3
7028 0
8039 2
2339 5
6558 4
774 1
6891 3
8384 4
9289 0
1788 3
4703 1
4658 0
4032 0
3113 0
6410 1
1799 0
864 3
2075 0
2499 0
3105 5
9930 4
8781 2
3640 1
8776 1
8979 2
4121 2
1300 0
7683 3
6703 4
5114 1
8857 5
362 5
4667 2
710 5
8153 5
2756 4
1263 2
9414 5
5666 1
520 0
9209 5
4256 5
5270 4
5582 5
2347 2
2386 1
8312 3
2605 4
5849 5
1085 1
9268 0
181 0
1704 2
4028 5
6300 4
2831 4
9872 5
2332 4
1606 5
6003 2
7239 0
4856 4
8719 4
6274 3
9858 2
4657 1
2259 4
3198 1
284 4
3235 1
1640 5
4582 2
6214 3
5736 1
6916 5
5138 1
4694 3
644 0
3095 0
4383 0
6890 3
4288 0
9720 5
2683 3
2039 1
5830 5
5044 5
1217 2
6409 0
7684 1
6603 2
4212 3
8333 5
5011 1
9178 2
6995 5
9827 1
9322 5
7633 0
6038 5
1336 2
7564 0
4962 0
1431 0
4973 0
9021 1
6913 2
7001 1
5240 4
2813 2
8036 2
9182 5
8320 5
7362 2
1044 1
5901 1
3710 2
471 2
5230 0
6820 4
3845 0
7586 3
837 5
3319 5
5166 3
1244 1
7481 2
3345 4
5496 3
7713 1
5567 1
3859 3
5683 3
9090 1
486 1
3021 0
7701 0
3169 2
6792 2
3181 1
5586 0
3378 2
8756 1
4920 2
343 2
685 4
708 5
3722 1
5405 3
3462 4
4738 1
7403 5
9615 3
9623 4
1456 1
6440 4
2605 1
8245 0
8111 4
9754 5
9253 1
5233 0
7328 5
6278 2
9288 5
9405 2
4377 2
8555 1
3421 3
2403 2
334 2
7925 1
9310 4
5471 3
9287 3
1370 1
9840 0
4255 4
5404 2
9757 4
2346 4
9803 4
6189 4
9025 5
4872 2
3062 4
3848 4
3271 3
3307 0
1136 0
8866 4
3470 4
5721 2
9247 3
1678 3
3650 5
3193 2
5579 4
8781 3
6871 4
6036 2
4082 3
2878 1
2319 4
7283 1
7145 1
7297 1
4282 4
206 2
1964 1
1073 1
675 2
2049 4
6829 5
2789 5
1296 2
7313 5
5022 1
8834 1
9116 4
6042 5
6995 0
8437 4
7595 0
246 4
458 2
9266 4
4917 5
7940 5
1090 5
6675 5
9636 3
1530 4
6205 3
1322 5
874 0
6180 5
4590 4
732 4
3151 0
3134 3
9437 5
1105 5
9577 0
5182 3
5211 0
9091 4
1561 0
3948 3
589 3
798 0
8017 2
5074 4
3892 4
1134 5
7807 0
3596 2
3313 2
4035 5
4607 4
9044 3
8607 3
7083 3
9950 1
8182 4
91 5
3102 1
2751 5
9600 5
5054 1
6562 3
4696 5
8122 4
6340 1
3439 5
501 3
7483 0
6925 0
9087 3
7288 0
3829 5
1697 2
9885 3
963 2
4680 4
5725 1
4592 4
4968 4
8116 3
5717 3
658 5
2859 2
5645 0
8342 1
4371 2
6450 3
2874 4
6464 1
1826 3
36 4
1229 3
2079 5
5662 4
1846 5
6852 0
4133 3
34 5
6577 3
8470 5
961 4
1090 4
4475 3
1189 4
3409 5
6683 3
2669 2
4443 3
5945 0
4181 2
8824 1
7700 3
378 4
5402 4
6858 4
5224 4
3554 0
8502 3
895 3
7026 4
267 3
9196 2
9778 3
4084 0
6303 2
9054 5
2650 1
3850 4
8344 4
2360 4
7055 0
388 4
9989 2
1010 1
6964 5
1127 3
5693 3
5871 2
9535 5
7041 5
8300 1
1937 0
3824 5
1429 2
4403 2
711 3
2223 4
3989 0
6546 5
8685 3
1543 1
4605 5
4566 0
1283 0
5803 1
2557 2
9626 5
4370 4
9825 4
6723 3
557 2
2000 4
3273 4
4612 2
9269 1
2149 0
7948 0
9002 2
3483 0
3884 2
8394 0
9491 4
2237 2
3457 1
6395 4
7818 4
1828 0
1163 0
6951 5
418 3
2330 4
6248 4
7686 0
9189 5
2985 4
4369 5
6490 0
1654 3
3584 5
1107 1
4284 2
622 2
7113 0
5460 2
6825 4
4173 0
3300 1
2112 4
1888 4
6922 2
1226 5
7445 3
1218 2
7693 1
4792 1
5852 0
8511 2
1830 2
6078 3
2399 2
7808 5
3541 5
5473 4
2419 4
9723 0
7909 2
7481 5
250 3
6493 0
7767 3
7917 0
1166 5
1787 5
6140 0
9024 5
9514 4
1869 5
12 1
5064 4
701 3
5136 0
8696 2
1460 5
4761 4
1695 5
1849 0
2280 4
1424 4
769 5
6729 1
7187 5
2332 2
3523 4
9726 2
8801 4
5499 1
6040 1
977 5
9544 1
4672 4
2002 5
9210 0
9425 3
6321 3
8108 0
8048 3
1678 2
1400 0
9826 3
1070 1
848 2
8560 3
8316 4
9805 5
4970 5
6648 0
6667 2
1941 1
2197 4
7328 5
2918 4
1237 5
3999 2
2556 2
9460 5
1034 3
4134 1
8010 3
7130 5
4571 0
7366 0
6937 5
5834 4
1697 1
5132 5
8896 4
8511 1
9834 5
6410 3
4443 1
4247 0
6331 3
1338 4
993 4
6449 4
745 1
8130 4
2188 5
8044 4
2035 0
8611 1
8532 1
8300 3
6162 4
4265 4
3100 3
3251 1
1278 0
7579 2
8501 5
3682 3
3909 3
3709 4
434 2
9159 5
7142 2
6014 2
2819 3
4830 4
962 2
7910 2
3210 0
7718 2
9467 2
5369 3
2301 2
1638 4
8989 2
4642 1
9342 5
4779 4
4559 5
2694 3
5325 0
7757 4
6808 2
3794 3
1618 0
5331 4
8599 4
2490 4
802 2
7195 2
1916 4
3615 1
6320 3
7094 1
9017 1
4732 5
442 5
4000 3
6355 1
115 5
4349 5
5702 3
654 0
688 2
5864 0
7408 3
512 1
5958 2
9041 4
7644 0
8485 2
6412 4
5564 4
3964 3
5665 4
2111 2
1934 5
3652 2
7212 4
7360 1
1908 3
8275 3
5232 1
9807 4
6103 0
6088 4
7292 2
1041 0
4577 3
6054 2
841 4
9250 1
6077 3
2844 2
843 1
9737 5
6537 2
7892 0
9378 0
6941 4
8663 4
7371 3
3118 5
8294 5
3348 1
488 1
6420 4
7190 2
5879 3
6081 4
7358 0
4749 5
411 4
2952 0
3326 5
629 2
8057 3
9012 2
8655 0
1213 2
7607 2
4417 2
5002 4
8561 2
4999 1
7657 5
6301 3
3560 0
2751 4
6326 3
6222 2
2587 1
5824 2
1806 3
7821 2
3716 0
5232 3
287 2
7313 1
7792 0
1093 4
9119 2
3762 1
1100 1
6573 5
7943 5
6157 5
2539 3
9805 4
6874 0
3039 5
7497 3
3585 3
592 0
2345 1
8095 1
4005 0
1931 4
4825 4
6216 4
6546 3
1818 2
8973 0
198 5
8431 2
3188 4
4123 0
8672 0
7965 2
9973 2
4986 2
4398 3
250 0
7779 1
7558 4
8871 2
4107 5
1746 0
6783 0
8420 1
1045 5
1622 1
2090 5
698 5
8031 5
5863 5
8439 1
2109 4
3608 2
7245 4
6455 1
8761 5
8695 3
3547 2
9980 2
1602 4
6852 0
174 5
2134 2
1342 3
6700 1
9146 3
6155 3
6076 2
2850 0
699 5
7949 2
4504 2
6300 3
587 0
3025 2
4871 1
6526 3
2886 0
5752 5
5535 0
9889 3
5877 4
2662 5
6699 1
2289 1
7646 2
3596 0
9379 2
5483 1
8829 5
4836 2
9317 3
7010 5
6213 3
3638 2
3723 1
4969 3
5560 1
5572 5
6348 0
3305 3
7906 0
6160 2
6775 3
2816 0
7038 2
4342 2
6006 2
4313 0
9845 0
5407 5
8594 1
4705 1
4056 3
3965 1
8758 0
2058 0
9605 1
4040 5
1692 3
1758 2
7721 5
2713 5
2242 3
3634 1
7982 2
556 4
9106 1
1802 1
2198 2
3502 5
6509 2
9582 1
8407 2
6809 4
6125 2
8376 2
6583 1
7998 5
7279 3
6203 3
7470 4
9976 2
1880 3
7027 3
2422 3
9306 5
1927 3
9482 5
9866 0
9702 1
4450 0
6957 3
784 1
3997 5
9601 1
7964 0
7316 0
8019 0
917 4
2119 5
8217 3
8627 0
3032 0
5640 0
1784 2
5070 5
6798 4
1302 4
9084 5
1979 4
4760 3
3232 5
6539 4
4298 1
4517 4
8701 0
9440 1
2431 2
8463 4
6558 4
4312 2
55 4
9877 2
8381 2
2826 5
7771 1
8473 5
97 5
2002 5
7994 4
561 1
4636 5
4079 5
1240 5
5947 4
6371 4
8724 2
4503 3
1750 1
3873 1
2573 2
3283 1
8287 0
8951 5
929 0
4137 0
6901 1
5037 1
5265 4
3060 0
8888 4
2819 2
7200 3
2821 2
5458 2
7465 5
760 3
1211 1
5660 3
7629 1
4483 3
5074 3
2691 1
8108 0
2304 4
4033 1
2106 5
1152 5
9680 4
3069 1
3125 2
8877 5
2869 4
3551 3
2710 1
4278 4
1691 2
8531 3
4208 1
4428 4
9221 5
375 4
8699 2
4095 5
8548 1
238 1
2149 2
3710 5
4307 2
5458 2
6439 5
9231 5
8316 0
7906 1
5943 3
9040 4
5269 5
5707 3
7766 4
7474 3
2826 5
7141 1
3441 1
6921 2
6201 3
4683 2
4759 1
8110 2
9638 0
1040 4
8002 4
9637 0
8429 3
8041 1
6723 3
27 4
9900 4
7078 3
1312 4
1117 0
1306 2
307 2
6111 0
7861 5
9954 4
2346 4
4377 4
6954 2
8890 5
9714 4
1943 1
8060 5
2325 3
2539 0
6036 1
9240 5
10 4
8292 4
2127 5
5096 1
627 4
6664 0
6610 5
3085 3
4437 5
4898 0
3951 3
7003 5
7621 1
8485 4
1916 2
9331 1
6404 0
815 3
9828 5
1088 3
265 4
2157 5
9701 0
3299 3
1014 1
7964 0
3114 4
3426 4
3031 3
925 5
5066 4
2066 5
5233 4
3104 4
3740 5
3111 5
5830 2
1754 3
5742 0
766 0
5019 1
1436 3
6913 1
9156 4
323 2
8270 2
9171 3
5586 2
7271 3
7087 0
7432 5
1200 0
4332 1
5779 1
1293 1
3287 0
6133 5
7910 3
7081 2
8295 0
6178 0
1752 5
14 4
2657 0
7603 0
3877 1
2794 0
5710 5
8513 4
1538 4
77 2
4730 2
8778 3
3310 2
7553 2
5960 2
2429 3
2921 5
2975 0
7138 5
8670 5
8927 2
8446 5
4525 0
5935 3
3045 2
6139 1
3851 4
9008 3
4728 5
1466 1
4058 0
5180 4
7807 5
6825 5
1990 1
3816 4
9130 1
9879 5
3877 1
6958 4
4795 2
3691 0
2428 5
7076 4
4859 2
8403 4
9748 0
5457 3
7430 4
3274 3
5710 0
1424 5
4183 1
2063 3
6987 2
2880 0
8407 2
8859 4
8933 3
9322 3
1797 2
3752 4
996 1
5220 0
4695 1
5286 3
9812 2
4487 4
323 4
7642 2
1415 3
9980 5
2602 2
7675 0
5774 5
7056 3
6446 5
146 4
8739 2
3287 4
9047 0
6945 0
929 2
7260 4
3100 1
3353 0
965 4
4844 5
4480 2
9148 4
1239 5
1511 4
7811 0
9639 3
9804 1
1673 4
9673 5
1161 3
6193 5
5170 2
7591 0
6282 5
7108 4
2876 0
8525 1
8267 1
964 5
6785 4
4264 5
3879 3
1393 1
9567 5
6528 2
5951 1
7375 3
4450 5
9253 0
1391 3
1411 5
6277 0
7746 2
3233 4
4999 1
6605 5
6744 2
7941 5
8870 0
4386 2
855 2
5472 3
3454 4
6442 0
19 3
5933 1
7474 0
1065 5
3519 4
3415 0
6832 5
2780 4
6145 5
1351 3
2419 0
566 5
3337 4
3991 0
5518 4
6994 1
7914 2
8893 0
5858 1
5960 4
7086 2
1817 2
1505 3
4682 5
8321 4
5505 0
6693 4
6975 3
1264 1
666 2
6154 4
9187 3
9190 2
3593 5
6718 0
6199 0
16 3
2176 2
3911 0
517 5
9279 1
4968 0
6113 0
5749 4
40 2
1459 2
2308 3
3456 0
6218 3
3441 2
3357 0
7615 0
3199 5
1659 4
9828 5
328 2
2508 4
3654 0
6551 5
3234 4
3405 4
4213 2
3266 5
8697 3
4965 1
3288 2
8026 1
1640 5
1066 0
6304 2
6831 5
7837 4
1439 4
359 5
683 1
8271 0
3322 3
8832 0
8770 2
4353 1
1016 3
9426 3
9212 5
6095 1
6494 2
3818 0
3735 0
2262 2
1269 0
5373 2
5025 2
1081 3
1952 2
7551 2
4260 3
6922 3
8598 3
8639 3
2646 1
7114 1
9716 5
9978 2
7845 3
9693 3
327 5
226 4
7696 2
1110 0
3601 2
8315 5
1997 0
4265 2
5461 5
9936 0
3891 0
148 3
7623 2
6515 0
5027 5
1213 1
6333 3
5739 3
7961 3
1811 0
9798 0
8295 5
8316 5
9100 0
6105 2
8094 4
3257 5
4644 2
8766 4
7008 4
6156 2
4431 2
8899 4
6899 1
6614 5
4308 4
1795 5
2429 3
8614 1
3783 5
5402 5
6626 3
9898 5
9867 2
3968 1
737 1
2933 3
7697 3
2688 2
8698 0
5238 0
9928 1
5704 4
5746 0
5473 5
6076 1
3991 0
7090 3
6436 5
5184 1
7502 0
6158 2
5488 5
9568 4
7194 0
1725 3
4725 2
6410 1
3365 1
6208 0
7256 5
1522 3
824 3
8779 5
4335 5
4119 2
6776 2
9999 5
6107 1
4410 1
7959 5
4801 1
6965 5
2156 3
8276 1
3174 2
1338 2
4313 4
691 1
835 3
8174 2
2423 0
4798 4
9908 0
7189 5
5953 5
6385 0
4439 0
8304 0
9827 0
5311 4
2989 4
9746 0
3662 0
817 3
7502 5
9593 0
6369 3
4385 0
7151 2
1907 2
5212 2
9395 1
5812 2
5781 2
122 5
5219 2
9265 3
523 4
7418 0
2312 1
1103 1
4879 2
3766 4
221 5
6651 1
6203 2
3063 5
3106 2
1149 3
5280 5
7791 5
9719 0
7905 5
1187 1
1126 1
6831 0
6272 2
9511 2
4749 5
6661 0
8940 3
8093 4
8607 1
6758 0
1582 3
4426 0
700 0
6554 2
2506 0
1428 1
9577 4
8412 2
6313 1
3911 4
7249 0
543 0
7391 1
4059 3
9260 1
8152 3
4138 4
6881 0
1836 1
3422 3
2946 5
668 0
2297 2
1527 4
7786 1
9681 5
5479 1
5126 2
2681 5
5489 1
6098 2
4431 2
5442 2
6573 3
4544 1
1409 5
4964 2
6759 5
4375 4
8053 4
7078 4
6454 3
7460 5
4599 5
8706 0
322 2
3676 3
3100 0
5599 2
7794 1
3713 2
226 0
3577 5
7478 5
338 5
6833 4
3248 1
5807 3
8823 0
2040 1
732 1
1615 4
3899 5
8638 2
5909 2
9537 2
2204 5
210 5
7427 4
3925 4
8699 0
1646 5
1161 4
2355 4
4874 5
6569 2
8545 3
4711 0
6033 4
1489 1
1376 5
5763 0
8662 3
4780 0
4245 0
9813 1
661 4
7511 3
4749 2
5021 2
8201 5
8580 2
7314 0
8928 4
1361 0
5891 2
4268 5
3835 2
1746 2
1501 3
60 4
3233 1
718 0
4946 1
3526 4
6407 2
4156 3
1612 4
9297 2
4652 1
1581 4
1772 1
9386 0
3391 3
6508 3
3235 1
1345 0
383 0
3586 5
4835 1
2169 2
6454 3
7470 1
6050 4
2119 0
1119 0
6632 3
3726 0
8470 2
6040 4
9656 5
129 2
127 2
6488 2
3990 2
2337 3
2068 4
1800 1
5595 5
7942 1
5510 1
3866 4
8607 5
2514 4
1797 4
9899 5
4902 0
487 1
6772 3
8090 5
8484 3
3214 2
8963 4
6384 4
4076 3
702 1
9379 3
3446 3
5822 1
9104 5
1971 1
981 5
7080 0
8349 1
9202 3
3461 5
7232 2
6438 4
8001 3
1545 1
8603 0
2899 2
6632 1
865 0
5733 2
3337 3
4037 3
9292 0
1676 0
252 2
4228 5
9001 1
4258 3
3301 4
82 1
3300 4
5811 4
9153 3
6572 3
2592 4
6829 3
4486 0
4693 0
7788 5
3033 5
7288 5
6462 3
6978 5
5317 1
5863 3
9531 3
2710 5
1189 1
4444 3
1595 0
9757 4
2691 3
8597 2
3035 4
7988 4
7692 4
8370 3
6619 4
4282 5
4142 3
7932 2
5599 3
4375 3
331 0
2313 3
7107 1
1787 2
2306 5
7427 2
9561 4
6029 3
9548 5
9245 4
9739 3
1415 2
5069 1
4850 4
7482 5
744 3
8259 1
5423 1
4364 2
8694 0
7856 2
3099 1
3483 2
322 5
6527 2
8823 1
1197 4
7442 4
7098 2
5109 5
1067 2
8958 2
986 5
6304 1
8032 5
2789 1
2510 4
9666 3
5308 2
2594 5
270 3
8547 4
536 2
1864 3
5577 1
4219 5
9826 3
3997 0
8785 3
7043 4
276 5
5607 4
5431 2
89 0
2759 3
8122 5
9742 2
3987 3
8576 3
4356 1
7888 1
3152 0
4026 0
64 0
2328 3
7604 1
9515 0
8517 5
9353 2
4978 2
1039 1
9255 5
633 2
6436 4
2493 4
7515 1
9988 5
623 4
6632 0
3599 2
8605 3
9032 5
6321 0
6348 5
6933 5
9130 1
7002 3
2846 2
6747 1
30 3
5866 3
8194 0
8494 3
1705 5
346 4
7531 4
8934 4
5846 3
8341 2
2723 3
7096 5
4581 4
5396 0
3154 0
120 0
4129 2
6778 2
5140 5
3212 4
9545 5
9737 1
7018 0
3303 0
1747 1
7389 0
9118 3
4699 5
8926 1
9759 0
2215 3
4429 0
1002 2
8909 5
7218 3
8113 3
6794 1
2480 1
1078 4
3455 2
4515 3
9227 4
3145 1
1317 2
2639 5
7702 3
4481 5
5430 2
3629 5
5647 0
5084 4
776 2
48 1
7649 5
632 4
994 1
7136 4
1470 2
3534 1
6874 1
1385 1
7655 2
7625 1
3562 5
5245 5
8497 2
8597 4
1900 2
7990 0
2895 2
8433 4
5562 2
1417 1
5657 1
3015 1
1955 3
9544 4
4800 1
9119 0
8505 5
6567 3
7699 5
3306 0
828 1
3180 3
9070 3
7191 1
9184 4
7471 0
8563 0
2576 4
4076 3
4848 5
4108 5
9411 4
1234 3
2341 1
5224 5
7656 2
9490 1
8260 3
2277 5
299 0
6748 5
1526 4
4617 3
1037 4
3635 0
2452 4
9038 1
5338 2
3761 0
9332 0
9 4
5426 3
2490 0
3452 5
9558 3
8577 4
4329 0
1422 4
51 0
9599 2
8877 2
3587 4
8299 0
8932 4
6254 5
6435 4
3958 4
623 2
9901 0
3769 5
2680 0
4208 4
8729 2
7920 2
3763 5
1077 3
2372 4
6743 5
3352 4
9319 5
2387 4
3038 0
2332 3
2209 0
2904 5
413 5
2111 4
7791 5
4116 3
2854 5
881 3
4337 3
184 2
79 0
9760 5
1510 2
3365 4
1214 0
5490 1
1076 4
8380 5
1650 3
3682 3
3857 2
4776 5
5879 5
6353 4
5989 1
4852 5
6725 2
7200 1
4580 2
6038 0
7096 4
9796 4
3428 2
2992 0
2256 2
930 5
9168 3
3334 2
1940 5
9097 1
9050 0
5244 3
3305 2
2414 1
3539 3
150 4
5263 5
118 3
5036 2
5393 4
4469 3
1460 0
854 0
3008 4
7314 1
8473 1
4434 4
5193 1
1457 4
5647 2
443 3
2505 4
8620 5
1230 4
876 2
3532 3
612 3
5497 2
8974 4
7564 2
2414 4
8465 3
6916 5
3961 0
1488 5
1245 4
7377 1
8974 5
7068 1
6556 1
9284 0
8647 1
6022 1
5700 1
2521 4
1340 1
6413 0
9524 3
3846 5
6779 4
409 1
7322 0
3851 2
4291 4
1611 3
7341 0
595 4
9123 4
5950 1
3513 5
4460 3
973 4
8143 5
5472 4
3531 1
2578 0
7992 4
1368 5
4214 1
5921 5
9052 2
986 5
4623 0
8513 1
3848 3
8793 3
4900 2
8822 5
2602 4
9508 0
9612 4
3688 3
7817 2
8152 1
2999 5
1419 1
6609 1
7700 1
9119 5
1985 1
6839 3
3825 4
2996 0
1112 3
1360 2
8333 5
763 5
3309 4
9595 1
5335 4
284 2
7027 0
8421 5
7747 4
1199 4
5497 5
9924 4
8434 4
2725 1
6054 4
9605 2
1217 0
6945 3
2387 1
3278 5
7588 5
5953 2
5344 4
2097 2
3034 2
1054 3
1471 3
1544 1
5114 4
1860 4
8091 0
5747 3
8731 2
6556 3
7246 4
5144 2
1577 0
6341 0
3255 3
763 1
5673 4
7368 1
7943 2
9695 1
5489 3
1292 1
8171 2
1469 5
6559 0
4435 2
3407 5
4050 2
8747 3
1461 2
1128 1
2404 2
8396 1
289 4
6963 3
198 4
6054 3
9984 2
1361 1
1626 0
473 0
2867 3
650 2
2067 2
7480 0
2172 1
5861 2
3601 4
6278 4
5845 0
8017 2
6033 4
5879 3
1841 5
3360 2
6718 4
4719 2
8617 1
274 0
3865 2
2824 1
8732 4
1143 0
8452 2
3835 0
4471 4
4905 5
3545 2
1989 0
4221 3
3965 4
9742 3
2785 1
1461 0
5181 0
9750 5
7423 2
2333 3
163 4
216 1
1 1
2773 3
4207 5
2815 4
6082 0
1269 4
6563 0
4775 0
3825 0
9179 1
1217 1
9373 5
1860 4
2933 4
610 4
4440 1
4129 4
4725 0
8690 0
2503 0
825 0
6983 3
6267 4
5453 2
2514 1
2464 5
4239 5
4658 5
3187 5
1445 1
6190 1
4924 5
7798 4
7636 3
1041 1
8146 0
5162 4
6579 4
1923 0
8769 5
1407 4
1399 5
8393 1
758 3
9445 4
1783 3
8582 2
4251 1
9166 4
8970 1
9380 1
5730 5
2116 3
4340 3
4877 3
7164 5
836 4
1610 2
6612 3
2963 0
2866 4
3605 0
6770 2
2416 4
795 4
9277 5
9790 4
1118 4
8501 0
3292 2
9977 4
6376 4
7601 2
566 1
9482 5
9128 1
2937 0
910 1
4125 2
9931 0
6271 5
1351 5
7666 3
5850 2
166 3
1781 4
6365 5
3475 4
919 2
763 3
1099 5
1178 5
8081 1
7627 4
371 2
4809 3
8848 3
3708 0
2679 2
6555 4
9195 2
9863 2
9888 2
2350 5
4355 4
6190 2
2792 4
5674 5
2052 2
686 2
7361 4
353 3
1096 3
3482 2
6651 1
6303 4
930 3
8903 5
1749 2
8848 4
1270 0
3655 3
9975 1
258 0
1228 1
6550 0
9859 0
9206 4
7211 5
8736 0
5482 2
4171 2
5072 1
1266 4
1210 2
4829 4
2968 3
3799 1
9896 1
1050 1
7289 5
1504 0
6385 1
7408 4
8698 3
1855 1
9774 3
465 5
801 4
4312 5
1432 3
5729 1
4634 3
6405 4
1858 1
1425 4
5449 0
6902 3
2101 1
2828 3
9348 0
6274 5
1981 0
6552 1
9962 1
8006 5
7153 4
738 0
2091 2
8893 4
1981 1
5620 3
9311 0
9501 4
2901 3
2454 3
1077 4
6349 5
3698 5
4535 0
4228 1
2744 1
118 1
2762 1
2403 1
8220 1
5494 1
3173 3
4650 0
8418 5
9353 5
3277 2
2190 1
1506 5
2214 4
8266 4
1120 3
71 0
2319 3
4602 4
9650 3
480 3
675 1
3329 0
8931 2
4289 2
8484 0
5545 2
8133 4
1253 1
2522 5
4304 1
9241 5
3376 2
2210 4
7132 1
4455 2
5166 5
808 3
7333 1
737 0
244 4
4452 0
3878 0
5570 0
2004 2
6560 4
7632 2
6869 1
7000 3
7334 0
7736 1
9189 1
2338 5
8414 2
9479 3
325 0
4289 2
7359 0
6971 3
9297 3
3982 3
7619 4
804 4
5610 0
8796 5
4345 0
4442 5
9778 2
4608 5
2127 4
7173 4
1719 5
9861 0
8628 2
3551 5
8878 2
3143 4
2396 0
8357 5
864 0
5932 5
6406 4
7341 0
6898 5
8363 0
6081 0
2850 2
8734 4
5551 2
2769 3
746 3
9676 5
1439 1
9730 3
85 1
6012 1
3871 4
5104 5
2222 3
606 5
8929 5
1325 4
6708 1
7446 2
5867 1
1547 0
3859 1
7531 2
9973 1
7227 0
7556 3
6903 1
8284 0
3141 4
5507 4
3224 5
3742 1
5176 4
3223 1
915 0
7284 0
6250 5
2175 3
2020 5
8616 1
6655 3
3610 2
2252 5
3862 3
3101 5
2677 3
536 1
8912 5
9466 4
9115 3
2569 4
1297 4
1578 3
7280 5
6405 4
2900 2
5325 0
8457 2
9438 1
8020 5
5938 1
9442 0
1204 0
9833 5
5251 2
5173 5
3125 0
5046 4
6931 5
2548 1
6639 2
5266 3
7069 4
1921 1
7190 3
542 1
6942 4
5493 0
6094 0
1952 3
5619 1
5942 2
9972 5
975 4
2748 2
5220 0
6774 0
6848 1
2993 1
5166 1
6622 1
3125 3
6707 4
8448 3
5138 4
4693 1
6479 4
4270 1
9401 2
3492 1
3269 0
5637 4
7091 1
1278 0
9417 0
2412 2
4853 1
2034 3
7046 0
5980 2
8269 3
7868 2
8070 1
9418 1
3254 4
600 1
6435 1
9258 5
6912 1
7940 1
4630 5
4762 1
7241 5
3518 3
7564 1
6661 3
9503 3
1049 5
3711 2
501 2
7695 5
5839 2
9495 4
4703 1
431 4
6434 2
6418 2
9550 5
1282 5
9708 5
5530 2
1008 1
2335 0
5724 3
6872 2
9526 4
4535 3
2869 5
4832 0
7562 0
189 0
7067 2
2516 4
4136 5
2372 2
428 2
8997 3
6480 5
814 4
1570 1
7728 5
2842 0
2395 1
1527 0
6430 3
3757 3
1466 4
7111 3
4485 0
2360 1
1716 1
9760 5
2410 4
6293 1
9756 0
1739 2
7223 2
581 3
6114 2
249 2
2366 1
1995 1
9816 4
2477 0
4923 3
9025 1
9143 5
6452 2
1460 2
3970 5
8906 4
5518 0
8465 4
7868 5
5632 3
7450 2
1208 5
8771 4
8450 0
5138 4
4553 2
4393 4
7321 2
4369 0
8055 1
5132 5
2140 5
4585 5
4752 0
7455 0
9010 3
3447 3
5024 1
775 4
4262 1
3718 5
3201 3
5210 1
4845 4
6063 4
6321 4
4340 5
2381 1
2549 1
345 4
3734 3
3036 1
7669 4
6189 3
7573 5
5957 4
2139 2
4301 0
507 0
8101 0
8872 1
6823 4
1721 1
5673 1
1172 4
4167 4
8736 4
5124 4
5953 0
4706 2
4655 1
5768 1
5822 3
6687 5
8832 2
4005 1
6887 4
9778 4
5221 2
3023 4
1878 0
5568 2
634 5
8720 4
8090 2
7940 0
1572 0
5062 2
9087 0
4188 4
5360 4
5162 0
2567 0
9988 3
4520 5
6995 1
7676 0
9853 0
6974 4
3605 3
346 0
5576 4
5695 2
1100 4
1966 4
1741 5
8188 2
8468 0
9238 1
5327 5
8068 0
3911 4
4212 5
2095 5
6374 5
7065 2
8445 5
1064 3
917 1
6202 4
2758 4
8047 4
717 4
5524 5
8579 3
6405 3
9732 2
4033 5
5618 3
4923 0
102 4
4299 2
8292 0
8452 0
8091 5
7885 2
84 3
4972 1
202 0
720 3
8844 3
483 5
9556 2
8397 3
7583 5
7161 1
2367 3
3423 2
969 5
278 4
5884 3
8004 0
1164 1
589 4
5154 2
9102 4
3464 5
3737 4
7786 0
1694 5
3453 5
4819 4
6788 2
4822 1
4524 0
6455 1
8975 4
5887 1
4519 5
7458 2
7428 2
2412 0
6397 0
5326 4
7766 0
1040 1
1524 3
9942 4
888 5
7303 2
2713 1
6203 5
1418 5
1257 0
9331 0
3470 2
6300 5
1943 2
4936 3
2790 1
9035 3
9882 3
7048 3
7894 5
6161 3
8468 1
6767 2
3125 0
4374 5
5882 3
4953 3
7281 0
1344 2
527 3
5664 0
1985 4
4490 0
5262 4
9392 5
4223 1
3887 4
639 1
4876 4
2081 2
707 3
4404 5
263 4
2900 0
5195 4
8190 2
1913 4
6790 3
1938 2
4694 0
4239 1
8743 5
7606 4
9783 3
4629 4
8741 5
4099 4
9753 1
7403 2
9747 5
2775 1
2159 3
5873 1
7235 1
2241 0
275 2
7819 1
6787 0
2568 2
3771 0
6177 2
1422 2
5421 0
4855 0
5779 4
5207 0
2699 3
4095 2
5931 3
4763 4
9896 2
8463 3
9894 0
1386 0
9429 5
6361 1
747 2
388 0
7104 2
6571 1
3649 4
3251 5
7989 1
3058 2
3476 0
7737 4
4367 1
8328 5
6611 1
4650 0
3995 2
4639 1
9754 2
4228 3
9714 3
2454 1
7464 4
2224 0
2447 0
2269 3
9431 1
1766 4
4688 5
5737 0
3372 3
3409 1
8139 1
6003 3
5050 2
5738 3
2183 4
7572 2
7104 3
7642 4
7514 0
9696 5
6587 0
3442 1
8527 3
8578 3
110 0
9759 5
6356 3
1468 4
3779 3
6795 1
4604 4
6564 5
88 1
604 2
3319 0
1248 1
6223 1
1878 1
1641 3
8395 3
5617 2
2633 0
3595 4
5446 5
3224 3
3914 1
4077 0
8629 1
3467 4
8214 2
9422 0
4340 2
4738 4
1517 0
7949 5
9228 2
6445 0
7700 0
8652 1
7152 5
9381 4
9112 5
1128 0
7250 4
191 3
939 0
7296 5
3173 1
9920 0
538 4
9148 1
1860 1
6070 5
4044 5
172 3
4197 0
5967 1
9185 2
9629 4
5104 4
9562 4
3709 0
4781 5
3526 2
4900 3
1827 1
9547 1
503 2
2492 5
461 3
7288 2
4104 0
3461 5
4732 1
363 0
7873 3
5578 1
6278 3
2951 2
6704 2
5966 4
2070 4
3807 2
7149 1
164 5
9633 2
6512 1
1437 0
579 1
3752 4
5285 1
5949 0
9963 5
3952 0
6899 5
4325 4
9928 2
978 3
1816 0
2232 2
8845 1
1903 0
8788 2
6956 5
2326 5
1483 0
1932 2
208 3
3594 3
7287 3
7418 2
2256 1
8618 3
8963 5
3869 0
5803 0
2063 2
654 2
9643 3
1883 1
7566 5
4760 5
8431 0
7819 0
6885 4
7693 4
1609 3
5015 4
7314 1
8953 1
8592 1
2787 1
7926 0
7885 5
3923 1
7526 4
6187 5
7883 5
3821 5
9415 3
5990 1
7558 1
9815 1
1875 2
3127 4
9729 1
1503 1
4871 5
9226 2
7029 4
308 4
9030 3
5118 2
3201 0
5876 0
2197 3
8385 0
5386 5
5981 2
1720 2
9470 5
7003 5
4082 4
452 2
8062 5
8486 3
7977 5
8934 5
8157 1
3574 2
3442 0
5872 3
784 1
6545 0
9472 0
3800 0
9780 4
5251 4
2837 4
6026 0
2228 5
7374 1
4582 5
6980 4
5198 4
1534 4
5127 3
9766 3
4666 3
7790 5
9741 3
5406 4
5719 1
9000 4
3576 5
1066 2
6620 5
9405 0
5500 4
3863 4
4632 5
785 4
7134 1
788 5
161 5
9969 4
1629 1
9970 2
9804 4
9473 0
270 5
6959 1
6120 2
5001 5
8340 5
6580 1
4967 1
6883 2
1952 2
4673 3
3967 5
7356 4
578 2
1317 0
5553 1
3034 1
8131 5
4309 3
8136 5
6072 0
7953 0
4370 4
1285 5
8874 2
6336 1
1264 2
5766 2
3715 1
4237 0
615 1
1925 5
6041 3
2279 5
8940 4
3854 1
6012 5
2221 2
6997 0
5298 2
9225 5
2995 3
5877 0
8423 1
2245 5
1216 0
583 2
8552 5
8822 5
5556 5
8563 1
8400 5
3043 2
3271 1
925 5
8314 0
7292 5
3235 5
3085 2
5544 3
9267 2
4857 1
3166 1
67 2
1651 1
87 0
445 5
3660 2
144 2
7792 3
971 0
7063 4
6004 5
5819 1
6499 0
4506 5
172 5
9930 3
6951 0
501 1
2321 0
5385 4
9751 4
8087 0
5159 4
2512 1
9735 1
4054 1
2231 4
8228 0
1302 4
1049 1
1314 2
6189 1
3069 2
3787 3
8699 4
1889 5
7644 5
7479 3
8007 3
9182 2
808 0
5492 5
8567 4
1227 0
8548 5
773 3
8585 0
4633 4
9947 4
4636 0
2015 3
4205 5
2403 2
3695 0
9881 3
3594 2
4105 0
2486 4
3315 4
3313 3
2946 4
7005 1
432 1
5479 4
1614 3
5556 0
2308 1
921 1
133 4
1311 5
6166 0
6234 5
4651 4
5204 4
4381 2
8589 5
455 2
156 4
9724 0
691 0
506 5
6348 4
335 3
8926 5
5701 1
6220 1
3435 1
6061 1
6089 3
8931 0
4955 2
7659 3
7575 4
1899 1
5997 4
94 0
4447 4
9896 5
5454 0
259 0
5468 1
5718 1
3593 0
9887 2
9757 4
9797 1
5841 2
3119 0
4807 4
2157 0
8226 3
6732 4
745 5
236 0
2882 2
3696 5
3644 2
2649 4
3679 3
9516 2
8715 4
2733 4
8338 2
8608 3
3561 5
5854 5
5614 4
2354 2
5735 2
7464 0
5244 5
1881 1
7120 4
9831 3
4518 5
2133 3
2808 1
4275 5
7151 1
3045 2
2587 3
9493 4
9511 1
8947 3
2475 0
502 3
1438 0
4357 3
2138 3
517 4
7890 3
1924 3
3529 5
4882 2
2653 3
9546 2
1753 1
3249 2
5559 2
8773 5
5149 3
2022 2
8390 2
149 0
3105 1
4125 3
3044 3
5901 4
7730 4
3377 2
4760 3
5686 1
4075 4
4106 2
4702 2
4609 2
8083 4
6088 0
787 5
6196 5
7387 4
9995 5
3598 5
805 2
7715 0
9025 5
4655 3
6877 3
3242 1
4337 5
5966 5
3732 4
7166 4
8132 5
2352 2
9826 3
9868 2
1906 2
1286 5
2560 0
6760 3
2651 0
9832 5
4192 3
6331 0
9683 3
2217 1
5579 0
3822 2
2677 3
822 5
7048 4
4415 3
5844 2
2666 2
1970 5
9203 0
5681 3
1815 2
7381 1
4257 0
2387 2
1178 4
9199 2
9125 5
4225 3
7154 1
783 0
207 5
9569 4
2075 0
2505 2
5603 0
4556 3
6990 3
1766 2
536 5
2555 4
3540 3
2049 1
178 3
7490 1
274 1
8186 2
8640 3
2078 2
5078 4
9499 3
5745 3
4202 4
8182 4
6107 0
2025 0
5917 5
1666 1
6414 5
6811 4
6211 4
3859 1
2073 0
7330 0
716 0
9232 1
4555 2
4384 2
2318 0
456 5
525 4
9436 5
2802 3
3176 0
8666 2
7993 5
7976 0
8843 5
7220 2
2236 5
1107 1
8355 5
3386 5
5811 1
2856 5
5780 4
7136 0
6763 0
9160 5
9375 2
4250 0
6097 3
343 1
9254 2
5206 2
5727 4
8093 2
9793 4
1792 3
7954 4
623 2
3036 5
2680 4
6504 4
1604 5
3553 5
2382 0
1793 5
9418 1
3289 0
7739 2
8273 5
5802 5
552 4
4583 5
8093 0
7294 3
3120 1
2939 0
4910 4
4996 2
2547 4
9415 5
8177 3
2433 5
1374 3
9064 5
7770 2
8739 3
4222 0
411 2
3288 1
209 3
2054 5
7320 1
7714 0
5509 0
1712 5
606 0
4683 4
4737 0
7485 3
9842 3
1708 5
1923 5
8054 1
279 0
2492 1
6977 2
5216 2
5721 5
5206 2
6898 3
3325 3
9797 5
9933 1
3390 4
4047 2
1120 1
2963 2
8062 3
9364 3
7723 0
7197 1
5562 4
5689 3
9846 3
5155 1
9963 1
7636 2
6018 5
1546 3
7608 0
4056 5
5402 1
9473 4
3870 1
7716 5
8988 5
390 0
7389 2
1411 3
259 2
283 5
9565 0
6042 2
3223 4
3141 5
919 2
3111 4
7181 4
4547 2
1091 2
6986 0
4568 5
1712 1
7785 2
7753 5
1537 1
4225 5
9975 4
1715 3
4993 1
6708 4
1805 3
5163 3
7797 5
28 3
2830 4
8567 0
7670 4
3412 4
8895 5
9488 1
5869 0
9376 2
6947 4
871 4
5368 0
9647 3
8629 2
6052 4
8087 4
8324 2
1320 2
6816 0
504 1
4240 1
4610 1
3537 2
4234 1
9314 3
1674 3
2881 5
7278 3
8748 4
8517 5
8964 5
6574 5
5484 0
6006 5
9273 3
1191 3
1265 1
5330 5
3601 3
2745 4
642 3
4240 4
5402 4
7320 3
5831 0
9957 3
9282 2
5726 5
1498 3
6550 5
3487 3
6635 4
5260 3
7735 0
1443 1
1588 2
4685 4
6537 0
3898 3
8613 4
3085 2
4467 3
769 0
9523 5
1216 5
6923 0
5307 3
5118 1
8725 5
3443 0
6468 4
6001 3
2205 5
9270 2
6070 0
6990 4
1203 4
8951 1
3497 1
8690 2
8894 2
4959 4
4953 2
332 5
4026 5
7314 3
8702 4
8578 2
1604 1
4835 4
8823 0
2820 1
6663 1
1521 1
1683 1
8943 1
2445 5
6604 2
7834 1
3245 3
3973 3
8602 0
3761 4
5267 3
3018 2
4800 4
9873 5
8324 3
1330 0
9057 2
9642 5
3113 2
7694 3
4059 3
7824 1
7229 5
2194 5
985 1
4773 3
6838 3
2887 4
4212 4
415 4
6639 0
950 0
5959 2
2218 1
6281 5
5925 1
7507 1
8147 0
5294 4
7472 4
389 1
9335 5
5792 3
3370 2
1964 2
4721 0
6409 3
3686 0
4142 4
8659 2
7892 1
498 1
4102 2
1674 0
5498 4
1195 2
8265 4
9120 0
3343 1
891 2
8587 2
5197 1
2065 4
6841 2
2517 2
3680 5
972 2
6692 5
3531 5
2893 1
3307 2
4763 5
5037 2
3433 3
6452 3
8353 0
2059 4
1446 5
4073 5
2217 1
3304 0
3490 5
8950 4
6512 2
8394 2
4912 0
3477 2
5675 3
3745 1
2806 3
8079 3
7716 0
562 1
8890 4
373 4
5654 4
416 4
3990 2
6374 5
6500 3
6080 1
8933 5
4049 3
7150 1
9923 1
8081 1
6433 2
6013 5
1024 1
4238 1
5720 0
6496 2
4593 5
4515 5
1759 2
9254 0
5154 2
1530 2
3927 2
1958 4
520 5
7420 3
782 3
2232 4
1359 2
2763 2
2191 1
3194 0
1678 2
7798 3
239 3
1307 4
9432 3
2266 1
1451 1
224 4
1151 3
8672 1
6268 5
2448 0
7804 3
9146 5
4431 5
3038 2
5382 3
3280 2
5789 3
1233 3
1658 2
9049 2
7653 3
5236 1
1017 2
2269 1
6394 2
13 3
1682 4
5345 5
27 3
1794 4
768 4
5370 1
8180 5
4235 1
3181 3
5486 2
6593 4
2157 5
9014 4
5521 3
795 4
8653 4
7902 3
8537 2
656 3
5555 4
6409 4
9096 2
7118 3
9843 3
9820 4
7255 3
1275 4
1885 5
6073 3
3201 2
9800 1
8912 1
6249 0
7105 4
8426 3
4499 2
9939 0
7250 2
8067 4
9069 3
1241 5
9763 1
9911 0
1437 0
5875 4
9280 4
7394 2
4285 4
2792 4
4421 5
7095 5
2823 1
1981 4
8521 3
4360 1
7918 3
4903 1
6765 1
1028 5
6293 5
5287 3
1152 2
9887 5
7006 2
8906 5
5828 1
237 0
600 4
4459 5
4715 0
5949 5
3069 0
8220 0
9275 0
9897 0
8969 5
3342 2
6823 5
7481 2
959 3
544 0
8654 2
9209 5
9727 2
6058 1
7289 2
8535 2
2294 5
9222 2
4407 0
8691 3
2317 0
554 2
4303 3
6317 0
3799 5
3540 4
6427 3
185 3
6308 1
9782 4
9292 2
3800 5
9221 2
2187 0
2030 1
7013 1
3852 3
7441 4
3293 5
8888 0
3262 1
4890 2
7890 4
4316 1
5014 3
9975 1
8448 4
5331 1
7282 3
5684 2
3324 4
8310 1
737 3
2778 2
2030 2
1353 3
4876 3
8762 3
2079 2
833 4
1304 0
4926 0
944 0
5130 0
4474 3
2247 4
7875 5
7244 4
3371 5
1505 1
7138 1
8454 3
5296 5
5954 3
8792 2
1943 1
8835 4
2198 4
4112 5
7036 5
8008 0
1652 3
2043 0
3700 2
3862 4
4216 2
1541 5
3381 4
4671 4
1069 4
3088 2
5457 5
2805 3
7810 5
887 3
4653 0
3416 2
5508 2
4766 3
488 2
6005 2
1634 1
6968 1
6499 2
431 4
3210 4
9088 0
6884 4
9443 2
2978 1
8140 3
5104 2
5878 2
2927 2
1619 0
9184 4
72 4
6990 4
3372 1
1327 5
6632 4
7656 1
8223 5
4277 0
4346 4
678 3
7671 1
555 4
3690 1
3155 3
7969 5
1842 0
8975 1
9350 4
1882 4
4418 5
525 2
9863 3
2170 0
211 5
2503 2
9897 3
9003 1
8535 2
8219 5
5358 3
8898 4
2044 2
2769 4
9733 5
5086 4
356 3
1628 0
7136 2
9299 1
5274 1
1427 4
1843 1
9203 2
553 2
6512 1
2157 1
573 0
3144 1
9223 1
6100 0
2781 5
7936 5
5050 0
1731 5
3541 3
9942 3
2285 4
7274 4
3511 4
8627 2
9680 1
5073 0
534 3
9646 5
2209 3
3356 3
9688 2
7762 5
8539 3
6436 4
5820 3
6734 5
2760 2
5682 1
5787 0
4696 2
2494 2
7007 4
7106 5
2289 0
9780 5
7731 2
1906 5
5041 0
7242 4
9399 5
6007 5
282 1
6188 1
9857 5
6415 0
4825 2
7204 5
9792 4
744 3
1185 2
7916 0
4345 4
2185 1
7196 2
2526 1
6551 0
2241 3
5404 4
1447 5
3765 1
70 3
8762 0
1778 2
7972 2
4807 1
2263 4
1790 0
4705 2
3290 5
4663 1
125 5
6953 3
9107 1
1728 0
5800 2
9695 3
6377 4
6957 3
3897 1
1599 4
1793 0
9968 1
1854 1
2500 5
2141 1
592 2
6776 1
4094 1
2622 2
4255 2
1631 4
4937 5
5201 3
7540 2
3094 3
9034 2
9085 5
7124 2
3841 0
3038 5
9524 4
4897 4
3823 1
2733 3
6403 2
6129 0
7346 0
6350 1
6207 0
5461 5
2317 4
5578 0
6656 4
7536 1
6361 0
7309 5
3055 0
2412 0
8295 0
100 3
3524 3
9399 3
548 1
8461 2
9236 5
2364 3
9861 3
1678 4
7576 5
1886 1
4319 0
6159 0
7044 2
5280 1
9728 3
3804 5
2129 4
8805 1
9197 0
8118 2
6788 0
5664 1
1711 3
2724 3
7864 4
4473 5
8826 4
3735 5
1110 0
9237 2
2766 3
5999 1
1697 1
1173 0
286 0
6579 5
6478 5
1616 4
2278 1
7648 1
4644 3
3197 4
6772 5
4893 3
3688 2
2861 0
5832 1
6837 3
1363 4
5478 2
1428 2
5614 2
3066 2
6882 4
4218 4
2868 3
3809 3
7475 3
8311 4
4594 5
3803 2
6424 2
8782 5
6907 1
8770 2
1058 4
1653 0
8531 0
6938 2
3904 2
8432 4
5213 2
1327 5
118 2
6233 0
6741 2
6130 4
362 3
2689 0
552 5
9901 3
4571 3
8446 2
2409 5
972 0
2238 0
3141 0
3662 1
6984 2
9203 3
4947 1
3079 1
6853 4
6541 0
3481 5
6314 3
7962 1
873 4
3283 5
1038 2
8171 1
8853 0
4812 4
8089 3
9889 3
6246 5
6187 1
4064 5
762 3
8193 2
8656 4
8125 2
1862 1
6755 5
2732 0
3324 1
1960 1
605 3
7492 0
1464 3
9203 5
7729 1
2853 2
1385 2
6126 5
2361 4
243 3
3817 4
7222 1
6560 4
5900 4
4673 4
4833 4
7426 0
9636 5
5547 3
5165 1
4637 1
6226 1
5956 5
6484 2
6372 0
9623 5
2172 0
6308 5
483 4
8415 4
3593 5
7227 3
6093 3
5976 2
9998 0
8486 5
2094 1
7938 4
39 2
4269 0
9401 2
4733 2
7952 3
6385 4
2850 3
4679 5
5167 4
6227 5
7333 2
3234 3
4593 1
8468 3
2398 1
4623 1
1885 1
3654 2
2533 5
4503 0
1192 3
4191 4
1274 2
5299 2
43 0
945 2
3970 4
4229 1
1639 5
2292 3
2748 0
1934 3
6539 2
4778 3
5609 0
764 4
5677 0
6800 5
2707 0
6209 2
3864 3
6357 5
1598 1
3405 1
6763 1
2146 0
6794 1
5794 5
400 3
7604 1
9400 2
7431 5
8575 3
5589 1
6202 5
8362 2
4871 2
7980 4
7720 4
4058 3
1198 5
8923 2
3734 0
6042 2
8225 1
2477 4
4403 1
6552 5
4491 3
3743 3
9520 4
1262 1
8856 4
9934 0
3304 4
5617 4
4683 2
4188 4
3672 4
9260 3
8771 4
6 5
9856 5
28 3
1715 3
7314 1
1606 4
823 0
3800 5
6876 5
8740 2
5042 5
4673 4
5379 0
5186 0
1018 1
7772 5
5637 0
6025 3
684 5
3177 4
6997 1
4389 2
1647 3
7497 5
5627 4
3647 4
7851 2
3909 1
3733 5
5314 1
6615 0
1182 0
9285 5
917 5
2308 1
1323 0
4551 2
3420 1
535 5
7449 1
168 5
6002 4
2948 0
610 0
9728 0
3049 1
6155 1
4813 0
3663 4
8353 5
686 5
1914 0
1925 4
8143 2
2110 5
4483 3
9755 4
5473 2
7288 4
7553 1
1885 4
8773 0
4521 1
6370 3
4131 0
5424 2
8703 2
961 3
6998 2
5134 0
9441 5
8559 5
4339 1
4397 1
518 0
8026 0
2137 1
3312 5
3030 0
3186 0
7391 5
3939 5
1375 1
6935 4
1030 0
4415 0
9303 3
9833 5
675 0
3727 3
7870 2
9789 1
4976 1
6881 4
9449 4
3721 3
1178 4
8244 3
74 3
1139 5
5372 1
309 4
7385 3
2644 0
9306 1
4002 5
9286 2
6786 1
8697 1
7568 5
7173 3
6030 2
8991 5
7016 4
1967 4
3782 0
1574 2
9046 2
461 1
6841 4
8776 5
8884 2
4579 5
2235 5
2959 0
8749 1
5696 0
952 4
1080 0
490 0
5395 1
3043 0
5507 4
7076 3
5337 3
2356 3
5469 1
8643 2
2230 1
6421 1
5563 5
4597 5
446 3
1330 4
9945 2
893 2
8860 3
7129 5
2269 5
700 1
6452 3
8701 0
7983 2
5542 0
2727 0
5227 3
3045 0
1558 4
7213 5
3531 4
4703 1
2866 5
4480 1
4323 1
1749 0
5017 0
8088 4
4638 2
4047 0
72 3
8852 4
1446 5
6075 1
4358 4
1654 2
5928 0
2165 2
9893 0
7143 1
6172 4
6136 3
2652 5
3514 3
9657 2
5005 0
746 2
5602 1
5901 3
1979 2
2307 0
8444 1
1361 5
7738 5
928 0
5219 5
1913 0
756 5
5457 1
57 3
6922 2
3192 2
9970 5
6255 0
4935 1
3946 1
6457 5
3351 1
7099 1
7316 2
6568 2
3766 4
8357 1
9612 4
4284 0
7633 1
2828 3
3358 4
2612 3
158 1
4622 1
4103 3
1090 1
7492 4
4549 5
3962 1
3401 3
6702 3
5256 0
6509 5
2765 5
1517 2
8803 4
180 3
7495 4
7211 1
9410 4
7260 5
8255 2
6535 4
4674 5
3725 3
3783 2
6283 5
8667 4
126 3
4833 2
1475 1
347 1
5086 5
5859 2
4126 1
7493 1
3974 1
5715 0
975 0
9182 4
7061 5
4822 3
5157 0
4406 4
4611 1
9852 1
3849 3
9853 4
5580 0
6532 5
210 4
9209 1
8264 5
6382 2
8925 1
9345 0
9943 2
303 1
9886 0
2994 3
5237 3
6956 2
5312 4
3570 5
6574 3
3519 3
213 1
3521 2
2809 2
2804 2
4475 3
4562 0
895 5
1065 4
3557 3
7620 1
9384 5
1252 5
8520 1
5151 2
7469 5
6706 0
881 4
4185 0
5443 4
5852 1
5330 2
8848 0
5469 4
6027 5
8668 3
4675 1
7028 5
1556 5
8237 2
9178 5
635 3
8103 2
2172 2
5047 1
6604 0
3560 0
8667 3
1248 1
2319 2
7094 5
8888 0
3986 5
1612 0
4151 3
9066 0
7968 1
2751 1
8635 4
6246 0
888 5
2775 4
2237 3
6418 5
5532 4
3019 0
2425 2
8524 1
8408 4
8295 0
9138 0
6526 3
1419 5
1074 1
2940 3
467 0
6004 1
4569 3
8696 2
8438 3
4961 4
5328 5
6856 0
2501 5
5304 3
2897 5
7545 5
7110 4
7496 3
9639 4
8083 2
9648 1
7817 2
3679 3
9367 4
4107 5
6619 3
3038 1
2958 3
9185 4
552 2
1939 4
3912 5
3350 0
570 2
419 5
2645 2
5142 5
3225 4
4996 3
7292 0
656 4
6849 1
2948 0
8238 3
9699 4
788 3
510 4
7059 5
3140 3
1651 0
2689 0
1995 3
5126 5
7346 1
2586 3
3618 0
2854 3
5137 0
3 4
1091 4
7106 4
5567 0
3429 2
6963 1
7606 3
7625 3
5937 0
4768 3
4301 4
9740 5
823 0
2487 2
6919 0
1628 0
9 5
5470 0
7854 2
3593 3
3431 5
3257 4
8256 5
5490 5
2081 1
3937 5
4091 4
9647 5
3705 2
7677 2
5982 2
4221 5
8128 3
716 0
6480 1
6524 0
9731 3
9701 4
8038 4
1789 4
7876 1
1924 2
128 4
9099 2
6835 2
7220 4
2845 0
8318 3
7499 1
8184 1
4863 2
9565 1
3509 3
4600 5
8568 4
4981 1
1764 2
7990 4
1433 1
4447 4
1363 1
5691 3
5688 5
3484 3
8913 5
6622 4
3957 5
979 1
6162 1
7344 2
9823 0
1783 2
7515 0
1071 4
3796 0
3447 5
2092 0
6815 5
2063 2
3775 2
4350 5
9486 2
5913 2
5523 0
6639 5
5314 3
5589 2
301 1
3473 5
4763 2
9429 2
514 4
4709 0
816 1
1709 1
4681 0
5230 2
4284 1
3969 1
7990 0
5965 3
4245 3
5379 2
9321 2
6537 1
1888 0
5107 0
3173 3
6942 1
604 2
5502 1
7389 2
1227 0
67 0
410 2
8573 0
2300 1
1846 4
1917 2
9683 5
4106 3
1664 5
2337 1
4291 2
4981 2
5000 5
7200 5
2465 5
3450 3
6065 3
392 2
2858 0
7517 3
7560 2
7256 1
8219 3
2136 4
3093 0
5411 1
5013 3
7480 0
6584 1
476 5
2124 4
3008 5
5383 1
7689 4
2775 4
5311 4
7291 3
33 4
6178 3
183 0
7946 0
3159 3
7982 2
3110 1
9313 4
6037 3
2111 3
8974 0
446 5
2083 3
3851 1
8734 4
6490 3
6085 3
8061 2
7737 3
7746 4
6674 4
5020 1
5947 3
7554 2
3963 5
8504 4
1860 3
7587 3
3208 2
9741 4
4098 3
9153 5
5543 2
4026 2
108 0
6275 2
760 2
5779 4
1261 4
4233 0
5122 4
4249 3
4369 0
7503 4
4949 5
2982 1
6382 1
696 0
5652 1
558 5
3404 0
3326 0
2469 3
4380 2
10000 0
3044 3
4699 2
9834 1
5839 0
8717 2
3286 2
1128 3
1144 3
7538 1
454 4
8610 1
7888 3
8643 4
8442 0
6980 1
6168 1
5447 0
8559 1
3820 3
8239 2
2001 4
1228 5
6099 0
2442 2
1245 2
4840 2
2177 0
5719 5
4091 5
1322 0
8895 0
5917 4
3235 4
1847 0
1933 5
4380 4
6741 4
1351 1
3472 5
6715 0
2627 4
9451 1
6646 2
6122 3
6061 2
13 0
4352 5
2467 0
8864 1
8442 5
7811 1
2614 4
3451 2
4680 2
3646 3
2345 4
6806 3
8768 0
4620 0
419 3
1596 5
3634 0
8786 5
4546 2
5224 2
6131 0
4713 1
7748 1
5210 5
6173 5
1725 1
2396 1
1591 2
2569 2
2199 4
7540 1
7024 3
9659 0
8621 3
1581 4
6237 3
1442 1
1250 3
4208 0
562 5
2213 4
3172 1
3202 3
5783 3
7475 2
9960 5
2 3
1675 5
1680 1
1451 5
3660 0
7367 1
3593 5
7739 3
4757 3
748 2
1843 4
7081 4
8967 4
6833 2
4872 5
6149 1
4868 5
2866 5
3532 2
8254 4
5782 3
9447 5
1022 5
4803 4
4703 0
8211 2
4650 1
3403 0
8210 4
3059 4
9106 5
8609 1
2327 0
6402 3
7960 2
6096 4
747 3
1703 3
504 0
4503 4
9851 3
74 1
5744 1
7566 5
9779 1
9268 0
783 3
7121 5
5116 0
2285 2
5781 4
1598 4
5715 0
8969 5
5719 2
8097 1
8104 0
7829 4
7373 5
2305 4
5029 3
8918 5
7978 3
9046 1
7185 3
5057 2
1954 1
1341 1
134 0
998 3
985 1
8024 4
6754 2
4211 2
3127 3
5170 2
9169 3
914 0
8411 5
223 2
9913 3
698 1
8439 4
1205 4
1457 2
5507 3
5481 5
1704 1
1188 4
7522 5
3322 4
1820 1
7679 5
8270 4
5049 1
7128 3
9676 1
5739 2
2572 1
7075 2
1920 0
4371 0
3359 4
5812 1
2564 4
8493 1
7569 1
9177 4
9530 5
1607 3
2742 4
516 1
160 0
391 4
4073 1
7706 1
1274 0
6579 0
162 3
7792 3
6350 0
6796 0
7071 2
8174 1
9376 1
856 4
6299 3
8979 5
893 4
6934 3
8969 2
2684 1
8243 3
2472 3
1795 5
6875 2
6521 4
7567 5
1186 3
8345 0
9733 3
2788 2
5550 1
2893 4
9846 5
3489 2
8922 3
2748 4
9108 4
7715 1
3716 3
951 3
6520 4
2185 5
1182 2
4605 3
82 5
5969 5
9932 0
134 4
9294 4
1224 4
7797 1
5020 4
7899 0
1934 4
6699 0
6120 1
8909 4
6225 0
7913 3
3676 4
7855 2
5034 5
6027 0
6012 2
1185 4
8238 3
6400 0
3707 0
9220 0
6090 5
4915 2
5358 2
6527 3
8686 4
5300 2
9918 1
4383 3
3780 4
9502 3
181 3
8567 0
1764 1
5905 3
7490 1
878 5
6253 1
8870 4
3244 3
4018 5
6619 0
1882 4
9883 0
8116 5
1930 2
9638 0
7494 3
8102 0
2870 4
3811 4
8026 5
1597 0
7467 5
2552 0
2032 3
9786 3
4219 1
5363 3
9815 3
8762 4
5894 5
4330 1
8896 5
4744 1
8785 2
4432 2
1869 0
3050 3
7701 5
3851 4
6014 1
9829 0
7799 5
590 1
7635 0
2978 5
1902 3
6523 0
20 0
4044 4
9237 0
8371 3
6595 0
2114 0
6364 2
5847 4
7511 3
231 1
326 0
6413 2
5191 3
5469 4
433 0
9785 2
6026 1
2775 2
5109 5
2594 3
9551 1
2674 3
7637 0
931 4
3732 3
2847 2
3849 4
1193 0
1565 0
6229 1
4726 4
2103 0
9677 5
9929 5
4046 2
5833 2
5868 3
5141 5
4879 0
1113 0
470 3
6431 5
8330 0
8757 1
7002 0
2046 1
2791 4
5872 3
2030 4
6051 4
2159 3
3533 5
1555 4
298 4
3881 2
2206 4
5195 2
4626 1
6367 2
5149 4
5254 4
4149 2
8097 1
2615 0
1932 2
7265 2
3570 5
4634 3
881 5
5025 0
5014 2
7858 2
4217 2
589 0
7478 3
9514 3
1475 3
3527 0
422 2
5003 2
5119 2
3249 3
7901 5
4675 1
2472 0
9609 5
992 4
4542 3
7655 4
9493 0
4053 5
3725 4
117 2
4789 0
411 2
6137 4
9988 4
2584 3
7055 4
4021 0
831 4
3855 2
3541 0
9041 2
7059 1
486 3
9593 1
7709 1
3256 1
274 2
2170 4
9103 0
3529 4
7906 0
4272 1
329 5
4135 3
5408 4
2151 2
4336 0
8214 2
6088 1
8688 5
8274 1
1843 0
6350 5
4868 0
1058 4
913 3
6751 1
3801 4
5837 1
4342 2
2975 0
9092 0
4260 0
7315 4
1419 2
5881 2
6790 2
5663 1
413 4
666 5
253 3
9259 2
1581 0
6828 0
9368 1
1167 3
2419 1
2973 2
8614 0
5515 2
1089 2
3653 4
7362 0
9655 4
1411 4
5132 0
6086 2
5752 2
9037 2
8630 1
5755 2
4713 5
1741 4
9665 4
7574 1
8896 5
8073 5
6018 2
1800 3
7728 3
1884 0
5808 4
834 0
8183 3
3816 0
2382 1
7313 2
1069 4
3233 2
294 4
237 2
9756 0
227 0
4292 4
1753 3
830 0
3798 4
7463 3
3307 1
857 2
7060 3
4707 4
2546 0
6879 3
2569 4
1005 4
2382 3
4676 4
5412 5
7143 0
5152 3
9190 0
6394 5
8715 4
2488 5
6264 2
45 5
4921 5
8671 4
4192 2
7821 1
6764 4
7817 5
1331 5
1743 1
9193 3
7 4
2752 4
8783 4
7025 2
9461 5
2374 2
1561 4
8382 5
551 4
9891 0
139 0
9806 4
4245 0
6927 5
8868 4
3795 3
3204 3
6312 0
2850 2
1907 0
9777 3
3052 2
4631 5
1778 0
4475 2
5749 0
3983 5
9407 0
4473 3
8288 5
2560 2
7656 1
7763 4
5321 0
3446 2
9281 4
490 2
9788 5
8326 0
9735 0
1924 5
9453 1
4709 5
5086 2
8270 0
2351 3
8740 2
9429 3
9793 4
278 4
4810 5
7611 0
7089 0
6180 3
4454 0
6166 1
3301 3
8346 1
5598 2
369 3
6649 4
1731 4
607 0
9470 3
6318 0
3399 3
4361 4
1300 4
776 1
6920 5
7660 0
1284 4
2631 4
5134 1
7496 2
4926 2
1350 2
9861 2
5986 2
6365 5
621 5
791 5
987 2
7410 5
2885 1
7249 4
4415 1
4745 2
7641 4
1429 2
3148 2
2395 1
2636 5
381 2
7846 1
9892 2
4983 1
1278 4
4057 0
5120 2
4951 3
3946 3
9642 3
5651 4
2810 0
7681 0
4359 0
835 1
9085 3
2390 5
8619 0
7802 0
6363 3
447 1
7572 1
7026 4
2283 3
1654 3
7856 4
1953 3
6375 4
5178 0
7177 4
7800 4
8458 1
5161 3
2269 2
7372 1
4676 5
5806 0
6403 1
5605 3
9295 1
886 0
8031 5
4195 2
7073 5
9977 2
8218 5
9667 2
7458 2
249 2
3272 2
1477 1
8646 5
8248 0
6462 5
3887 1
7959 0
4992 4
5983 0
8475 0
161 5
2205 0
6827 2
9254 1
5063 4
7622 5
1677 0
8028 4
6921 1
4398 3
5506 0
4630 0
3823 3
2233 1
3862 5
4823 3
5406 1
980 2
7870 1
8189 0
5787 4
9359 4
8664 4
3893 3
6694 3
4792 3
2420 5
6203 2
1674 3
8658 0
8131 3
5889 1
7587 3
6837 3
5289 1
1443 1
8799 2
3961 1
1770 4
8870 4
4553 1
8707 1
6460 3
9218 5
4118 5
7510 0
2418 0
3657 0
7616 5
264 2
1394 0
1932 0
2732 1
5127 2
9782 0
1804 0
5514 3
8439 0
4677 1
496 5
1369 4
2377 0
1890 2
1298 5
6289 5
3125 1
4164 5
8456 3
3874 4
4148 0
2391 2
7707 5
5887 5
9473 2
1893 3
2754 3
1067 4
2880 3
6668 5
8340 2
4521 4
2294 0
4331 3
5332 1
8172 4
4949 4
2732 2
48 2
7270 4
4040 4
6418 2
2237 0
3261 0
2602 5
9927 0
2342 0
5960 5
8991 3
7215 0
1819 4
2176 0
6363 1
5076 0
3564 0
9659 2
5954 3
3175 4
5964 5
2340 4
8887 1
1017 1
4800 4
9122 4
5896 1
4457 4
1047 2
1679 3
4534 2
3087 2
2009 5
3426 3
9094 5
6974 4
5914 0
3846 3
7266 0
1195 5
9829 1
7963 3
4395 4
3085 4
5410 2
2848 4
6238 3
9988 1
3677 3
5720 4
2895 2
8137 3
1447 2
4705 3
4018 1
732 0
4974 2
1870 3
7287 5
2913 4
9072 1
3971 2
2189 5
303 0
5389 1
4163 5
6066 5
3672 5
1124 5
812 3
496 2
1774 0
1074 0
6652 1
173 0
6655 2
4627 0
7924 1
9928 3
2839 4
9917 0
2013 1
8017 4
7017 5
4981 5
9 5
1006 2
4611 0
5285 3
1173 2
2681 0
1787 0
8199 5
2686 3
2115 3
344 0
4967 0
3317 4
6718 3
6907 4
1894 2
3848 2
1438 3
5384 5
1907 4
8906 5
971 3
588 0
6561 4
2230 2
5492 5
5710 3
3583 1
2481 4
3341 2
8209 3
5447 5
33 1
2907 1
6879 0
5100 5
6428 0
2045 5
3008 1
612 4
5097 3
5989 2
9232 5
272 0
7066 2
4691 5
3458 2
8341 1
2948 4
9190 5
5989 5
6538 4
7208 4
9108 3
6540 5
9166 3
3296 4
7612 1
7216 5
3214 0
8950 5
9313 3
6786 2
8228 4
5703 3
3053 2
3160 3
1203 1
8480 5
9738 2
1429 2
8250 2
9514 1
9272 3
3644 4
3179 4
7601 5
5653 4
6386 2
877 1
654 0
2850 0
2867 2
6593 1
6063 4
5982 2
1670 3
5029 5
7100 2
6518 0
3904 2
6084 2
2889 0
5946 5
6254 3
5999 0
598 5
5858 1
5456 1
8684 1
9564 3
6729 5
512 2
2111 3
9063 3
1552 3
6689 3
2843 4
3993 5
5918 3
5701 4
3717 4
1254 1
5895 1
8201 4
4894 0
2348 5
9973 3
1226 5
5024 0
8533 1
7767 1
6236 0
7477 4
603 0
4166 0
1602 4
2245 4
2507 0
8068 4
5444 3
5174 0
4894 1
3624 5
2268 3
8754 0
8530 4
941 1
6941 3
1007 4
126 5
8576 1
9709 4
6258 1
7515 1
5386 3
1562 1
4255 2
9905 3
2877 2
6671 2
8433 1
2445 2
1828 1
8448 1
8482 0
7948 1
6326 2
2524 5
133 1
9342 1
258 4
4633 3
6170 5
6484 3
6670 1
1774 3
7877 1
1981 2
6796 3
3242 5
8759 5
4777 3
9861 0
3975 2
7276 0
3652 1
8093 0
3829 2
4054 5
163 3
3052 4
8883 5
2090 2
7179 1
7603 4
9139 0
6374 2
7199 0
356 5
9558 5
8147 2
7346 5
9025 3
192 0
2167 2
3211 5
3686 0
3110 1
2658 1
1173 1
2344 4
6900 3
6306 1
4846 1
7756 5
7286 1
5597 2
8880 0
8558 3
5807 1
3629 3
8062 0
4534 3
5507 5
7980 3
833 3
2571 2
361 1
4075 0
9085 2
5305 2
5945 5
2740 4
3365 4
8893 5
3388 3
3594 1
5386 3
6932 3
5223 3
6572 3
4077 2
6307 1
7539 1
8839 1
5898 3
4385 0
3037 1
643 4
722 4
5334 2
9965 0
994 2
5229 0
2562 4
2299 4
6814 5
6171 0
3558 4
8198 2
3610 4
6027 0
4899 3
1573 1
7201 1
584 2
8688 3
9746 5
2619 4
7847 1
5464 4
1286 3
2128 3
2748 3
242 3
8575 5
5920 3
1913 2
7333 2
8683 0
5476 2
6586 4
2190 2
5291 5
4168 3
5212 1
9774 5
9070 2
5111 1
7894 5
7092 4
686 3
1470 4
8539 3
842 3
580 4
9002 3
9207 5
6608 3
5737 1
3389 4
6495 0
5895 0
9847 0
5631 1
3998 3
6187 1
4941 2
2194 2
4693 1
973 0
7771 0
5869 3
30 1
3643 4
4529 5
9996 4
1050 2
1129 0
2130 1
616 3
4257 1
3260 1
3379 3
1129 1
6656 1
4311 5
5246 5
5159 4
9606 0
5144 0
8430 5
470 0
9579 3
8513 2
1999 5
2319 2
8562 2
6753 2
9107 2
5929 3
1143 0
7174 1
2741 5
3090 3
5683 0
3405 1
7194 2
6690 1
6850 0
8960 5
6567 5
1344 1
2997 2
6264 5
7035 0
4433 0
7325 5
3391 5
2522 5
8081 3
7555 5
9820 1
7761 0
8298 5
200 0
2461 4
2679 2
7147 1
7851 5
2004 2
4728 0
2751 4
1724 1
5524 2
8208 1
8034 1
6135 0
3396 5
2391 5
1083 0
919 3
8062 3
615 1
6949 2
2767 3
617 0
7775 0
2635 5
1307 1
2846 3
1254 5
384 1
5873 2
6559 1
4085 0
8938 5
7849 5
2097 0
603 1
8671 0
1122 0
42 1
2421 0
6672 0
9287 0
7073 4
6003 5
5221 2
5693 3
7115 1
762 1
8339 1
4424 0
60 2
2629 1
5663 0
2160 5
7577 0
2969 1
3573 4
5932 5
5136 3
5209 5
3676 5
4390 4
5318 3
8138 2
9231 0
2794 3
9499 3
619 5
5444 5
5160 2
5664 1
9815 2
1389 0
5538 4
2255 1
3373 1
6079 5
7312 1
9826 3
271 2
3898 4
3708 3
3682 0
4412 4
4485 1
1507 1
8413 3
2362 4
6395 2
1967 2
9720 4
5642 3
359 1
4352 2
7937 2
637 0
5662 4
7756 0
5647 4
6290 4
3362 4
8915 4
6159 4
7929 4
8699 4
8381 3
5076 1
8477 0
8273 3
3048 3
731 4
1991 3
8959 2
2275 3
7307 5
4953 1
6087 5
5111 2
1998 1
4629 5
5853 3
8048 4
9025 1
6545 3
4285 2
6787 0
5094 5
5926 5
2534 3
9893 1
6259 4
9793 3
4390 2
7829 1
5981 2
3494 0
6446 4
272 2
3956 3
8336 2
6888 1
6584 2
865 3
2130 3
6301 3
6738 3
6072 5
2779 5
7961 1
4611 2
1191 5
5450 0
6351 3
8144 5
8382 4
4319 1
9384 4
1582 5
2078 1
8798 2
6848 3
7349 0
760 4
4661 4
2873 2
9436 5
3592 1
8136 4
1364 1
4520 2
2071 5
7143 3
4795 2
8047 4
6629 0
211 2
2575 3
2517 0
3295 3
7238 3
4908 1
1298 1
8311 5
3197 0
6743 0
5954 1
7732 1
8249 1
3381 3
2549 1
48 4
3368 0
8407 1
2027 1
8009 3
2129 1
8556 5
503 1
8031 2
6266 3
9992 5
9484 3
5941 5
1064 1
306 5
5709 3
1552 4
6565 2
6371 5
2290 1
334 0
809 5
5604 1
4665 5
4324 5
7584 4
342 0
2848 5
8583 1
4791 2
3775 1
7168 2
1433 2
5497 2
6956 2
3305 1
4032 3
7185 3
490 3
5626 2
5834 5
7347 4
8040 4
893 1
5838 4
2517 1
6443 0
693 2
8821 5
7149 4
5772 0
6236 5
2687 4
1493 4
5754 4
1865 5
604 3
9114 2
706 1
8200 1
3414 3
2352 0
7887 5
8185 4
2966 3
6920 3
3636 1
7950 0
818 4
6293 4
2204 4
3548 2
4458 5
2070 2
1674 0
6430 5
9630 2
7613 4
6405 5
2478 0
98 2
9976 2
8223 5
7003 1
5002 1
1463 1
6418 0
3015 4
8691 2
9199 2
2968 1
9921 1
6038 0
312 5
7880 2
2372 3
9849 2
3283 4
2253 5
583 3
6199 1
4953 2
7436 0
100 5
2653 4
1980 2
2560 4
4799 4
3525 0
2843 2
3743 1
7014 2
8357 3
6005 5
4506 4
5399 0
6397 0
3190 3
381 5
7161 3
8179 0
5639 5
9711 5
2617 4
4524 3
3389 5
5988 5
6421 4
8307 5
3430 0
813 3
8058 4
3043 3
9455 0
7355 3
6283 5
1523 3
9658 3
7742 2
741 0
1729 3
838 3
5754 4
2455 0
8235 0
8588 4
1594 5
6421 1
4242 4
1855 0
6558 1
3912 1
1250 5
3965 2
7355 4
2758 0
6825 2
2277 2
2915 5
3914 5
8061 2
2119 2
571 0
925 0
4454 5
3423 4
3303 1
27 5
4572 3
7277 3
3031 4
5647 1
838 2
9317 5
3534 4
8506 5
8321 3
2137 1
513 3
6776 3
4656 2
7126 4
6714 5
1943 4
9782 5
4477 1
5622 4
6596 5
9203 3
7526 1
312 5
3779 4
4313 4
4901 5
7564 4
8866 0
9371 1
4816 4
4530 3
2233 3
6342 2
1907 5
8174 3
1566 2
3245 2
2517 5
2687 4
3220 5
1426 5
7539 2
9957 5
1823 5
6582 3
3227 0
913 1
5429 2
7783 5
873 4
5863 0
2278 0
2163 1
3157 2
9300 2
13 3
5931 0
4498 4
5244 4
5362 4
6493 1
7041 3
3644 1
2576 2
4430 4
7000 2
254 3
8103 2
615 4
2910 2
5610 0
9393 5
6885 3
6703 4
2299 0
8165 4
2229 4
7254 2
2281 5
3548 0
6762 1
551 0
6647 2
7381 2
6883 0
3020 4
7531 5
9098 0
5642 2
759 0
5875 3
8982 3
6088 1
7818 3
3258 3
7255 5
3165 5
1041 4
8795 2
2854 1
2428 4
8227 1
5698 5
2746 2
5527 3
4188 3
1236 5
7150 0
1833 4
2252 4
6012 4
2731 4
706 2
7559 4
7424 0
9930 5
3908 1
1007 0
1769 0
7540 0
7522 2
6000 5
2031 0
8574 4
4932 1
1863 2
9203 1
1620 0
6551 3
9967 3
8175 4
4247 2
6306 0
7986 2
9551 5
4293 3
5128 5
7661 5
4832 4
4002 1
7752 0
8113 0
7302 4
4832 2
6388 3
6615 4
5521 0
7400 4
4727 3
187 1
301 3
8895 3
3192 0
9171 2
3066 2
1041 4
8211 4
6241 1
119 2
4079 4
5038 5
8516 2
3061 0
2288 2
7333 4
3425 3
2957 5
2231 3
7917 0
1195 5
1911 2
1654 0
7838 3
7653 4
8520 3
6638 1
8290 1
6560 3
2104 5
3392 4
809 0
7881 3
2601 2
2994 4
4067 2
7714 2
2357 2
5210 1
8199 4
1812 5
6491 0
2722 2
8914 1
5605 0
4517 0
1004 2
8610 4
9791 4
7878 3
682 0
3354 5
8476 2
6841 5
4880 4
8608 4
2498 3
1786 0
6023 2
5547 4
1558 1
3936 0
2879 3
577 2
2465 3
9671 5
4459 1
2623 2
9294 2
6411 1
4249 0
8569 4
2396 3
9915 1
6571 2
9675 5
2467 4
9270 3
102 2
7485 5
3448 0
2009 2
779 0
3628 4
1295 3
7551 5
2192 2
1383 2
3867 0
8928 5
8096 3
2575 3
4444 0
7414 4
5270 1
2523 2
1592 1
1739 5
3430 5
3830 3
5937 1
2907 5
3175 1
4829 1
4258 0
8167 2
7508 0
7867 3
2746 5
3459 2
9635 1
8474 1
3157 3
4572 5
5700 4
8402 0
372 2
5414 2
4230 1
5422 1
7956 1
9809 3
7258 2
5169 4
5963 3
3562 3
9934 0
5389 1
8782 4
8503 2
9223 2
4476 3
7217 0
2854 0
2257 1
1010 4
4318 3
2132 2
6135 1
5942 5
3909 3
728 3
843 2
6844 5
9620 1
3892 3
7328 0
7672 0
836 2
5442 1
2892 0
7472 2
4629 5
5393 1
9429 0
7402 2
4824 5
4337 1
7986 2
3982 5
5092 2
4555 1
7700 5
7419 1
861 3
9862 3
4443 5
8103 2
1382 3
8043 4
5909 2
7790 0
6953 3
9408 2
816 2
9495 3
1590 0
630 3
1274 0
6763 3
6698 2
5212 3
8421 1
9833 1
5636 2
5801 1
830 2
4592 5
5419 4
1648 5
5438 1
6891 4
4715 1
4382 5
3176 3
7502 4
6849 2
1996 3
8538 5
5880 2
5140 1
2119 3
5125 5
4817 4
356 4
4892 4
5545 2
3805 5
3269 2
2381 0
8661 4
7789 0
1667 2
8684 2
8973 2
3454 5
6446 2
9573 4
7686 1
2370 3
9560 1
6451 4
1374 4
9721 0
3687 4
3050 0
5152 0
6114 2
3092 2
7633 5
6565 1
4400 0
3004 5
6262 4
2418 0
5353 2
9492 4
1405 0
9552 1
3564 5
2175 2
3659 0
2008 5
3065 1
610 5
8363 0
3652 4
8230 0
2489 0
8555 3
6482 2
5093 4
4756 4
3575 5
4885 3
2606 5
5642 3
9919 4
1176 1
1630 5
2333 1
8986 0
9350 3
1450 2
3945 0
7638 3
1611 1
663 0
2020 5
3895 1
2178 3
1902 1
3872 1
6453 2
2217 5
3503 2
9843 3
2425 1
257 4
151 0
9251 4
8824 1
4506 5
7025 4
9199 5
1214 2
2714 4
6494 4
7314 2
6324 4
5511 4
2204 0
5416 2
5323 5
1392 2
3648 4
782 5
9246 5
364 0
1043 5
4410 1
4507 0
3 3
4546 2
1524 0
3710 3
1588 4
4103 3
1200 3
8751 4
4514 4
419 3
4795 0
6915 5
1494 5
8978 5
1119 3
219 0
3207 4
2876 1
6001 2
6322 1
3324 3
4932 4
4992 3
4851 4
3076 5
7911 0
9153 4
9956 5
7193 3
1939 2
8107 1
1386 3
1631 0
9173 5
8308 4
1364 2
8888 3
3202 3
1776 1
97 0
9468 2
8604 1
215 0
1354 3
142 2
2623 0
4227 3
1062 3
4618 4
6279 0
70 5
8682 3
6886 3
8758 3
725 4
5003 2
6841 3
1312 2
3599 1
6284 0
9383 4
8163 5
5209 0
8786 5
5701 1
1419 5
6638 2
6536 1
8473 0
6029 0
9504 3
6567 1
9102 3
2621 1
6304 4
483 2
5612 2
3384 1
475 1
9355 0
1847 3
9579 2
5477 1
1130 5
8983 4
440 0
1719 2
9264 3
9597 5
4676 2
9389 0
7242 0
3413 4
8230 5
3458 1
7682 1
9848 2
9326 4
4619 0
2200 0
2129 0
2049 0
6871 0
2353 1
4820 4
3205 4
4853 5
9168 4
5745 0
5299 2
541 0
6898 0
6173 4
4254 3
246 1
4884 2
6939 2
4841 5
4371 4
8422 3
2891 1
7891 4
8566 2
8128 1
8207 5
6270 0
7600 5
6852 3
4812 3
1884 5
5320 0
5627 2
9504 5
1170 2
751 3
383 1
2854 4
4751 2
6708 1
7887 3
7918 0
756 4
6139 4
8437 4
3724 1
2108 0
2494 4
448 1
842 3
7758 4
6678 2
6420 2
7254 3
2369 0
6749 2
6175 3
1447 5
2581 3
988 5
8777 0
9058 1
884 4
3011 1
7942 0
5954 2
3622 2
6088 5
5977 5
6242 5
7873 4
9934 1
2795 0
8540 3
6450 3
5214 3
7483 0
5322 0
6400 1
237 2
8787 3
7724 0
1666 5
44 0
3804 0
534 3
6494 1
111 3
1639 1
7248 4
9468 5
1170 2
2225 1
8446 2
6635 5
3855 5
6000 1
8105 4
2575 5
2435 2
3810 2
9994 3
6016 0
2816 5
4184 4
2689 3
1122 5
5617 0
6383 4
8114 1
9186 2
3348 1
2338 3
3791 0
7105 5
2314 0
2297 3
1481 2
5396 5
2158 0
6720 5
421 1
96 3
6595 1
2723 0
2323 5
6601 5
7719 2
27 5
8949 2
1515 5
669 1
4471 2
62 5
15 2
4469 5
6106 5
6628 1
1991 2
4050 0
5335 5
9356 4
8994 4
2183 5
1435 4
1750 4
6836 0
8480 0
7703 5
9257 3
7776 5
7723 1
3202 1
4317 5
8850 5
8962 4
5811 2
5582 2
9035 2
9745 2
1556 1
7787 3
825 4
4705 0
985 3
5686 2
4767 4
5393 1
6578 4
1866 4
5896 3
3482 3
9212 4
9637 0
6284 5
5790 5
5863 3
3101 1
4909 0
9186 3
29 3
3791 0
44 3
1019 3
867 0
1114 4
78 4
5345 0
2857 3
7627 2
9559 5
3834 1
3085 3
8897 5
6105 2
2488 5
4767 2
5971 0
1375 3
2595 1
8267 1
9297 0
1575 0
4008 4
2638 5
2965 5
8964 5
3126 5
1608 4
9117 5
9197 3
7594 3
8897 2
9371 1
7961 5
6787 3
9867 1
4098 3
6373 5
7981 2
2067 4
1923 4
8062 2
5918 5
6793 2
8623 2
6181 4
6775 2
4567 1
1394 0
2026 0
5659 2
5993 1
2953 3
6433 1
6998 0
5404 2
1992 1
7532 1
3896 0
2762 3
5809 0
8016 1
7671 1
2857 0
7963 1
6164 0
6716 5
171 2
8880 4
7873 3
5096 1
6456 2
4217 0
9599 4
2999 0
2044 1
6187 1
7777 0
9563 0
1652 4
6404 3
5843 4
8735 0
1009 1
7119 3
3421 2
4061 2
8774 1
7573 1
5782 0
9453 5
1022 0
8910 0
8060 1
615 4
4745 0
1370 3
8004 4
8254 2
5532 4
6613 5
5892 3
9386 5
5660 2
1325 3
9543 2
5524 1
3419 2
6741 1
8180 5
3516 0
9696 0
8725 0
1327 1
8174 4
2970 4
1741 5
7745 3
7465 2
5615 4
2134 5
8131 2
4812 4
4670 2
1565 3
5715 5
3703 4
2155 3
7544 3
1080 2
1706 4
3063 5
8000 2
6045 2
1682 5
6143 3
227 4
3480 5
4371 4
6573 1
4848 4
6957 0
474 1
3290 2
4708 3
4213 4
6403 1
8317 4
7744 5
8238 0
1109 2
9651 4
4401 0
3633 1
9985 1
9640 0
2577 4
5367 2
5247 1
4507 0
6521 0
3908 0
7209 2
5313 0
4496 0
863 4
8107 0
1771 5
8406 5
9169 5
5611 1
2503 2
325 0
1301 1
7117 1
5243 0
2729 3
7928 4
3563 3
3844 3
4265 4
4268 5
859 2
2555 4
9255 0
5032 4
4528 0
1125 5
647 3
4828 3
9633 4
632 1
5373 1
2407 3
3983 2
6982 2
8565 5
5481 5
2527 2
123 1
2045 0
1765 2
483 2
1771 4
6164 1
8588 5
1512 5
8133 5
4568 4
3702 3
8212 5
2280 4
1215 1
6321 5
3892 2
6799 4
2605 0
5525 0
9142 3
5994 4
7017 4
1591 3
1621 3
2824 3
2735 2
1984 0
8572 1
2429 0
4967 1
594 5
3128 2
5415 5
5668 1
3833 3
1913 2
8776 1
8030 3
5176 4
9244 0
9927 0
6305 2
7845 4
1358 5
2128 3
5891 1
1030 5
6034 2
1806 1
8579 0
8120 4
7705 0
6867 1
5974 3
8399 2
7073 1
1624 1
5201 3
4011 5
8078 5
3991 3
5803 1
1615 5
719 0
9195 2
7280 3
532 2
4716 1
8917 2
2541 2
6239 0
1671 2
4314 5
1816 5
1841 1
6854 2
7217 3
1168 0
572 3
4988 5
5018 3
1115 4
5331 0
2594 1
6331 1
3513 0
8046 3
4796 3
557 5
229 1
4309 2
6338 2
3593 1
9686 0
5318 2
9840 1
3647 2
3789 2
8296 2
4803 1
3248 3
43 0
7390 5
2306 4
6388 1
570 4
2243 3
1350 0
1247 5
8647 3
3231 5
7511 3
2068 4
888 2
6254 1
8155 4
2153 4
9199 5
6875 3
6979 1
4453 2
2892 5
2794 3
6154 5
9592 0
9661 5
1099 3
4912 3
9062 4
4444 0
6628 5
2098 0
5757 5
7158 4
698 3
842 3
231 1
3972 0
9872 1
1375 3
7633 2
2380 0
8679 3
608 0
6859 4
257 0
6113 2
4996 1
1205 5
191 2
4470 2
18 0
9831 3
7594 3
9204 3
7441 2
4669 2
4288 1
5455 1
8304 0
1337 1
8559 5
8463 2
7094 1
6379 4
3822 2
6206 3
3930 3
4773 2
7192 1
552 5
3409 2
673 2
5055 3
614 4
2771 0
8378 5
2246 5
5566 2
4623 5
9757 5
6142 0
3751 3
9054 0
9050 2
4126 2
6000 1
8140 5
9467 0
2571 5
2851 3
5454 0
390 2
4710 4
2570 5
3936 4
6965 0
1717 3
5087 5
4960 1
6156 3
2301 1
3222 4
579 1
5658 4
652 5
7438 3
2197 3
7486 4
5781 5
5289 0
7909 1
5704 2
6276 1
4741 4
8045 4
6926 1
4626 1
2655 5
4357 3
931 2
3913 1
2612 4
3409 1
4188 2
8957 3
7690 2
7375 4
4449 1
1559 3
5884 3
9599 1
8048 4
4611 5
1728 3
8064 1
3071 4
7667 4
3485 5
8776 1
3732 4
2473 2
3094 3
8557 5
3100 1
5522 3
5778 4
2189 3
1024 2
9683 3
1287 4
1623 5
2790 0
6161 5
7363 2
9117 0
5416 5
6088 1
7751 5
1805 3
5231 4
2910 1
2007 3
993 4
9262 5
7264 4
8742 4
8269 0
8068 5
6054 5
8957 1
5535 3
3617 2
953 4
6266 0
4710 4
9249 2
8178 2
2284 1
8310 4
7670 4
6936 2
6579 1
3749 1
5673 0
1378 1
7384 4
1564 2
3389 1
2175 5
2008 0
4083 2
3847 1
6691 0
2474 0
3285 4
4415 2
5485 0
7063 4
2324 0
6676 1
2663 4
9384 4
8433 2
154 2
6262 3
5382 4
6630 3
8406 0
5248 4
5414 4
2442 4
5909 0
465 0
2794 3
999 5
1469 4
6413 4
866 1
2726 2
3116 1
1575 2
1761 5
6737 1
9833 0
3437 3
6579 5
1649 1
3388 1
9095 2
9633 3
2047 4
8248 2
8783 3
9769 3
4175 5
1037 0
4649 4
4639 1
3193 5
9934 5
5861 5
1409 3
6700 3
8512 2
3612 0
4770 0
6496 3
955 1
2991 0
9731 3
3635 5
4224 3
5565 0
8807 2
1045 1
9737 1
7233 2
7097 2
8020 3
5815 4
4151 3
8504 3
2997 5
6422 2
1935 1
456 0
9052 5
6539 2
3290 4
3927 0
2510 1
4136 0
8802 5
5582 3
3446 4
9821 5
3152 5
8076 5
7040 1
6523 2
7976 5
3338 0
6904 1
6009 0
1669 1
9035 4
5045 3
9115 3
7968 4
2779 4
5153 3
7282 2
7990 4
9158 3
3823 5
5394 2
5512 0
9816 5
1676 1
5678 5
4163 2
2990 1
7980 0
5375 4
8191 3
5151 2
572 4
8867 3
2725 4
278 4
9848 4
8128 3
6137 2
4824 0
8004 5
459 1
2273 0
393 4
7438 1
9105 4
9771 2
8846 4
2660 2
7865 2
9001 1
4224 2
5210 5
1743 4
7528 0
3937 3
875 4
6823 0
4300 1
7997 4
5780 2
7888 3
3373 3
6445 4
5852 0
8451 5
9025 1
187 4
2390 2
772 4
1796 4
235 0
5388 5
8645 5
7426 1
6579 4
3337 0
678 5
8873 1
7863 5
7832 3
5842 3
773 3
7694 5
2723 3
2425 3
446 2
7840 3
9710 3
4928 2
7828 3
9080 2
6335 0
8721 3
5368 1
4721 2
8012 2
1918 3
7801 2
7880 3
311 0
2398 4
7547 4
2711 5
7263 2
1792 4
6123 2
3838 1
4648 2
1163 2
907 4
5822 4
3704 2
674 0
8187 1
9869 4
5574 4
9090 2
226 2
8115 2
4169 1
5507 3
6372 5
1012 0
2422 4
4387 3
2675 4
1689 3
9622 4
3384 1
1836 3
8939 2
9924 1
3686 5
8578 0
7278 2
9925 3
896 2
3930 0
7613 4
4636 1
7760 4
3759 3
2252 2
3201 1
8702 2
3131 2
1850 4
5019 5
1819 0
2808 3
5265 3
500 3
2812 3
3366 2
5770 2
5705 4
5393 1
5285 2
5859 0
574 5
9919 1
5384 4
6623 0
8397 0
7375 5
2556 5
7135 5
2320 5
3593 0
6325 1
4152 4
1734 4
1386 4
9041 2
3522 5
8798 3
9905 2
6027 4
1436 5
9663 2
5801 1
9453 0
4381 4
4488 3
525 4
6080 2
6558 0
9593 4
8774 1
7057 3
9719 0
8944 0
3418 5
9450 4
6750 0
9674 4
2736 1
5271 4
2512 4
2482 5
7046 0
8895 0
7532 1
7082 1
8342 5
6440 1
5487 0
8863 4
7584 5
7159 3
2450 0
2367 5
9424 1
6350 5
8589 2
1929 4
3857 1
4161 4
1843 1
2701 0
3784 4
954 2
7613 0
8497 2
5786 4
8372 0
5021 0
4242 1
100 4
3082 2
6952 5
3064 1
2324 2
5580 3
1974 3
1839 1
2537 0
1173 0
2697 3
2869 4
4122 5
3574 1
4074 1
268 5
9408 0
6921 1
4121 5
3667 3
667 0
7465 2
3585 5
3423 0
5502 1
7523 1
4468 4
6848 5
912 2
6555 5
1994 1
3802 2
2823 5
5290 1
2563 1
9090 0
3331 0
6822 1
6868 0
6191 2
8393 5
327 2
792 0
3378 4
3961 0
4629 4
6775 4
1310 5
5771 2
6033 2
6518 1
