888
488 80 0
770 146 0
386 33 0
360 130 1
516 174 0
697 56 0
137 50 0
1368 140 0
752 232 0
276 115 0
390 31 1
1395 201 0
355 47 0
1222 179 0
114 48 0
494 84 0
29 192 0
1267 130 0
204 179 0
756 159 0
1002 181 1
171 222 0
1271 239 1
1270 196 0
111 217 0
708 168 0
924 146 1
759 149 0
550 150 0
799 135 1
347 123 0
378 159 0
766 201 0
985 73 0
849 170 0
966 211 0
426 33 0
928 120 1
333 131 0
40 55 0
853 120 0
668 95 0
407 91 0
893 214 0
162 40 0
5 146 0
597 165 0
1367 208 0
1169 184 0
76 221 0
890 62 0
760 104 0
345 38 0
1122 156 0
188 172 0
56 201 0
201 206 0
830 219 1
1055 181 0
847 173 0
211 115 0
441 164 0
1056 216 1
123 35 0
746 179 0
1320 166 0
764 225 0
774 196 1
15 172 0
1035 85 1
1027 215 0
448 68 1
1099 133 0
512 215 0
592 76 0
1142 199 0
221 192 0
289 46 1
1168 61 0
1227 149 0
1262 79 0
1198 124 0
1013 169 0
1240 47 0
453 220 0
569 118 1
1313 210 1
1079 219 0
940 207 0
286 157 0
617 236 0
865 211 0
1263 235 0
401 116 1
218 157 0
317 56 0
544 195 0
203 142 0
375 113 0
739 204 0
539 202 0
316 139 0
473 238 0
91 220 0
1108 208 0
1046 218 0
212 170 0
589 232 0
507 72 0
740 85 0
1026 180 0
350 155 0
1328 126 0
446 126 1
265 35 0
1161 184 1
859 37 0
1097 64 0
958 172 0
1393 127 0
957 62 0
1005 124 0
528 59 1
728 120 0
678 142 0
476 163 0
965 166 0
593 172 1
94 31 0
931 187 0
1231 208 0
459 126 0
47 38 0
1137 32 0
970 172 0
1 201 0
670 38 0
1324 181 1
1394 233 0
192 220 0
278 79 0
457 88 0
762 100 1
1154 67 0
1260 100 1
353 222 0
1155 78 0
358 137 1
142 47 0
68 154 1
824 139 0
655 57 0
468 200 0
103 145 0
1386 238 1
1022 36 0
1244 176 0
120 99 1
584 106 0
67 201 0
1233 150 0
193 202 0
671 228 0
1199 58 0
305 232 0
553 113 0
17 240 1
656 213 1
1351 206 0
1371 204 0
51 42 0
1076 51 0
274 128 0
1095 161 1
461 42 0
698 36 0
464 136 0
1105 116 0
804 110 0
974 224 0
282 71 0
1280 161 0
454 32 0
915 80 1
826 137 0
483 97 0
717 152 0
1163 54 0
731 140 0
851 67 1
554 122 0
78 223 0
186 141 0
518 161 0
503 191 0
1068 194 1
1023 161 0
559 236 0
42 143 1
545 74 0
704 134 0
238 99 0
911 204 0
492 185 0
950 221 1
650 46 0
1221 193 1
959 116 0
173 204 1
1252 147 0
1398 108 0
325 64 1
1109 125 1
1295 219 0
555 94 0
438 110 0
682 41 0
109 223 0
420 58 0
693 68 0
143 137 1
1204 68 0
1040 208 1
952 119 1
1060 196 0
1325 48 0
687 55 0
573 187 0
1379 152 0
1167 222 0
1020 155 1
967 103 0
151 171 0
513 109 0
1292 156 0
49 146 0
1189 101 0
77 54 0
1051 173 1
486 203 1
284 211 1
158 61 0
98 79 0
1288 42 0
35 36 0
1089 114 0
642 169 0
28 158 1
870 110 0
311 117 0
303 194 0
977 202 1
1332 70 0
820 227 0
840 215 0
561 142 0
198 57 0
1143 160 0
846 168 0
412 218 1
1017 96 0
732 219 0
901 216 0
777 186 0
1273 120 0
616 32 0
602 73 0
1124 205 0
1268 109 1
1207 50 0
1015 207 1
676 198 0
1384 138 0
335 70 0
1387 144 0
622 135 0
797 223 0
1121 183 0
973 219 0
1148 228 1
1090 37 0
87 193 0
156 188 0
60 159 0
433 47 1
526 86 1
636 197 1
72 48 0
12 216 0
1317 130 1
908 92 0
179 102 0
798 231 1
4 60 1
242 56 0
1261 229 0
264 206 0
1338 230 0
400 53 0
133 105 0
285 166 0
1266 104 0
630 102 0
733 183 1
878 54 0
672 66 0
703 213 0
1279 237 0
1238 236 1
418 127 1
806 233 0
349 222 1
367 171 1
1309 118 0
163 176 0
405 171 1
605 44 0
742 176 0
458 237 0
222 75 1
1044 138 0
1256 162 0
26 136 0
1145 167 1
635 192 0
688 213 0
1047 39 0
1001 132 0
174 207 0
1078 44 0
595 236 0
1049 40 0
1253 236 0
148 107 0
690 204 1
216 180 0
69 234 0
272 36 0
1226 174 0
1298 219 0
753 121 0
127 104 0
1156 78 0
718 153 0
627 174 1
517 41 0
917 209 0
1211 147 0
1196 52 0
1025 37 0
147 193 0
1164 108 1
556 77 1
451 164 0
30 195 0
1081 206 0
100 51 0
557 62 0
818 77 0
1166 155 0
348 236 1
548 240 0
571 110 1
945 70 1
184 122 1
979 191 0
1303 34 0
1195 219 0
414 74 0
552 134 0
902 77 0
359 213 0
1336 129 0
1376 206 0
1091 217 0
226 84 0
1358 145 0
1275 31 0
329 210 0
130 86 0
750 175 0
510 132 0
1276 220 1
1021 179 0
129 66 0
831 113 1
1247 128 1
949 110 1
1077 88 0
903 34 0
579 82 0
1373 179 1
138 52 1
280 169 0
89 216 0
236 60 0
972 187 0
669 54 0
891 237 0
619 43 0
585 103 0
356 184 0
477 132 1
210 137 0
1138 58 0
128 69 0
220 55 0
874 159 1
1310 126 0
343 129 1
449 207 1
1203 123 0
20 55 1
1063 184 0
472 228 1
1323 82 0
105 94 0
1192 118 0
1259 166 0
653 71 0
107 235 0
442 239 1
1308 128 1
450 201 0
715 97 0
408 71 0
1180 61 0
1061 64 0
1096 76 0
968 134 0
540 118 0
164 143 0
1127 234 0
925 103 0
373 176 0
215 75 0
45 79 0
257 83 1
1003 83 0
686 97 0
293 94 0
427 52 0
1361 71 0
1118 125 0
1258 218 0
1191 109 0
131 41 0
136 160 1
727 147 0
132 59 0
574 165 0
1093 193 0
880 41 0
1375 108 0
1344 65 0
677 227 0
294 123 0
786 133 0
1107 143 0
1115 191 0
674 183 0
779 204 0
547 103 0
277 100 0
1085 192 0
1212 208 0
1209 213 0
737 191 0
55 211 0
1378 95 0
145 170 0
27 51 0
990 212 0
875 54 0
240 218 0
144 182 0
1236 203 0
817 204 0
522 71 0
342 108 0
1010 64 0
909 187 0
754 138 0
1251 149 0
628 49 1
295 92 1
19 219 0
897 217 0
23 176 0
115 119 1
1132 151 1
256 226 0
283 30 0
615 116 0
52 46 0
1086 210 0
251 91 0
919 125 0
699 225 0
481 47 0
536 119 0
852 40 0
64 128 0
999 72 0
1034 65 1
1224 209 0
1363 67 0
1071 54 0
808 123 1
741 172 0
916 115 0
511 168 0
793 134 0
14 208 0
1360 82 0
521 82 0
1088 66 0
1225 193 0
887 35 0
1282 138 0
470 219 0
159 119 0
334 234 0
538 101 0
495 167 0
1094 156 0
1014 187 0
41 217 0
475 174 0
702 107 0
1104 220 0
1106 91 0
884 228 1
1374 117 0
723 145 0
1043 95 0
564 76 0
1100 65 0
469 62 0
298 95 0
81 238 0
110 158 0
207 71 0
590 59 1
480 232 1
354 170 0
1125 225 0
99 66 0
912 203 0
879 54 0
946 199 1
971 193 0
167 60 0
2 156 1
1265 182 0
195 81 0
1330 84 1
1069 70 1
975 203 1
1194 218 0
308 222 1
92 68 0
743 220 0
854 140 0
1039 161 1
562 93 0
361 214 0
560 80 0
1140 198 0
881 176 0
439 62 0
667 104 0
765 46 0
998 190 0
121 57 1
1315 198 0
936 240 0
499 144 0
370 174 0
1241 102 1
74 189 0
747 196 0
1030 82 1
36 142 0
1399 210 0
1245 31 0
66 138 0
675 195 0
895 186 0
61 111 1
1179 55 0
301 128 1
410 68 0
694 51 0
551 223 0
745 106 0
1274 141 0
185 131 0
1113 192 0
720 147 0
1347 71 0
514 227 0
839 33 0
191 66 1
411 204 0
490 216 1
594 213 1
424 203 1
372 41 0
725 182 1
947 177 1
809 99 0
541 106 0
814 80 0
856 82 0
434 113 1
392 65 1
126 107 0
6 191 0
228 94 0
778 163 0
263 88 0
307 129 0
1057 239 0
749 225 0
417 109 1
160 153 0
118 208 1
288 235 0
714 184 0
1038 199 0
811 206 0
1080 155 0
596 149 0
652 187 0
1346 135 1
639 31 0
500 82 0
270 176 0
419 112 0
447 180 0
1246 180 0
938 117 0
735 67 0
563 130 1
576 89 0
351 168 0
172 169 0
1278 173 0
241 213 0
646 42 0
85 190 0
502 46 0
217 191 0
1296 30 0
489 202 1
247 70 0
961 215 0
1128 172 0
695 203 0
683 110 0
214 100 0
1343 172 0
1335 36 0
954 214 0
182 114 0
440 141 0
112 171 0
233 41 0
1362 38 0
1117 60 0
525 145 1
805 98 0
768 235 1
157 176 0
165 98 0
1160 163 0
530 141 0
1028 84 0
1139 38 0
969 118 0
533 175 0
197 231 1
234 170 1
534 128 0
425 37 1
44 235 0
612 163 0
299 111 0
883 192 0
835 113 0
1041 47 1
508 126 0
1249 72 0
1200 37 0
497 202 0
1322 93 0
38 39 1
910 169 0
981 125 1
435 119 0
986 191 0
1302 55 1
939 152 0
1184 170 1
357 166 1
546 140 0
331 45 0
1304 186 0
803 203 0
578 212 0
609 148 0
249 77 0
900 166 0
763 35 0
82 200 0
95 234 0
271 232 0
1092 170 0
1353 81 0
976 164 0
413 53 0
710 85 0
775 87 0
1011 198 0
634 91 0
692 221 0
246 58 1
885 118 0
1075 39 0
231 165 0
487 86 1
621 218 0
582 93 0
315 66 1
436 120 0
1341 211 1
624 152 0
716 205 1
565 52 0
382 90 0
696 113 0
927 182 0
460 127 0
978 76 0
1074 220 0
982 224 0
1033 134 0
608 201 0
1131 155 0
281 108 0
340 31 0
422 128 1
1159 145 0
1359 193 0
729 33 0
680 192 0
1029 120 0
166 206 0
297 106 0
1050 59 1
1170 101 0
930 158 1
907 138 0
1158 218 0
1229 151 0
287 62 0
509 38 0
587 159 0
948 177 0
772 195 0
332 236 1
1058 117 0
1173 133 0
1215 94 0
1082 190 0
57 56 0
466 150 0
871 55 1
146 197 0
1232 55 0
393 183 0
588 238 1
861 90 0
1217 189 0
771 107 1
1235 87 0
607 45 0
306 173 0
254 162 0
1208 64 0
1345 201 0
815 129 1
84 132 0
1220 103 1
801 165 0
125 125 0
819 36 1
1291 122 0
296 79 0
24 107 1
660 57 0
1186 107 1
1350 132 0
319 209 0
79 43 0
1383 179 0
1045 173 0
1329 74 0
504 115 1
781 197 0
736 174 0
531 43 0
106 149 0
1130 198 1
659 236 0
632 148 0
1062 182 0
944 189 1
1326 104 0
641 34 0
679 219 1
54 77 0
330 189 0
273 119 0
904 90 0
658 128 0
423 236 1
101 164 0
380 134 0
837 118 1
706 146 0
463 239 0
321 212 0
821 171 0
83 203 0
790 207 0
1214 159 0
603 185 1
1193 140 1
899 141 1
951 120 0
724 161 0
1009 225 0
684 229 0
467 167 0
712 214 0
788 111 1
1388 226 0
140 150 0
599 95 0
920 170 0
181 127 0
567 76 0
787 166 0
471 128 0
842 188 0
266 70 0
663 202 0
1301 145 0
385 98 0
268 101 0
1004 138 0
515 95 0
1182 69 0
802 75 0
252 110 0
1334 234 0
734 90 0
176 100 1
491 226 1
292 214 0
32 47 1
996 89 0
583 182 0
1316 218 0
785 141 1
1036 161 0
180 104 0
1237 156 0
1272 234 1
1216 208 1
116 118 0
224 61 0
643 101 0
432 118 1
812 82 0
202 148 0